ID,Duration,Start date,Start Station,Start terminal,End date,End Station,End terminal,Bike#,Zip Code,Subscription Type
860,0h 6m 41s,5/5/2011 9:09,Bremner Blvd / Rees St,7018,5/5/2011 9:16,Bremner Blvd / Rees St,7018,T01302,,Casual
888,0h 54m 22s,5/5/2011 9:43,Bremner Blvd / Rees St,7018,5/5/2011 10:37,Dundas / Yonge St.,7038,T01302,,Casual
1122,0h 17m 45s,5/5/2011 14:17,Jarvis St / Carleton St,7055,5/5/2011 14:35,Bremner Blvd / Rees St,7018,T01302,,Casual
1568,0h 31m 47s,5/5/2011 20:17,Bremner Blvd / Rees St,7018,5/5/2011 20:49,Bay St / Bloor St W,7029,T01302,,Casual
1678,0h 17m 46s,5/5/2011 23:09,Bay St / Bloor St W,7029,5/5/2011 23:27,Augusta Ave / Dundas St W,7032,T01302,,Casual
1735,0h 15m 5s,5/6/2011 5:18,Augusta Ave / Dundas St W,7032,5/6/2011 5:33,Front/Yonge (Hockey Hall of Fame),7048,T01302,M4Y 2W5,Casual
2579,0h 16m 28s,5/7/2011 7:46,York St / Queens Quay W,7076,5/7/2011 8:02,York St / Queens Quay W,7076,T01302,M5J 2S2,Casual
2589,3h 21m 34s,5/7/2011 8:23,York St / Queens Quay W,7076,5/7/2011 11:45,York St / Queens Quay W,7076,T01302,,Casual
2998,0h 14m 19s,5/7/2011 13:46,York St / Queens Quay W,7076,5/7/2011 14:00,Lower Jarvis St / The Esplanade,7001,T01302,,Casual
3031,0h 11m 24s,5/7/2011 14:03,Lower Jarvis St / The Esplanade,7001,5/7/2011 14:16,Dundas / Yonge St.,7038,T01302,,Casual
3194,0h 18m 5s,5/7/2011 14:58,Dundas / Yonge St.,7038,5/7/2011 15:16,Bathurst / Queens Quay (Island Airport),7071,T01302,,Casual
3294,0h 7m 34s,5/7/2011 15:45,Bathurst / Queens Quay (Island Airport),7071,5/7/2011 15:53,Queen St / Ossington Ave,7035,T01302,,Casual
3859,0h 10m 46s,5/7/2011 21:18,Queen St / Ossington Ave,7035,5/7/2011 21:29,Navy Wharf Ct. / Bremner Blvd.,7054,T01302,M4Y 2W6,Subscriber
4030,0h 8m 15s,5/8/2011 0:31,Navy Wharf Ct. / Bremner Blvd.,7054,5/8/2011 0:40,Sherbourne St / Wellesley St,7042,T01302,,Casual
7467,0h 8m 22s,5/10/2011 20:55,Sherbourne St / Wellesley St,7042,5/10/2011 21:04,Church St / Monteith St ,7058,T01302,,Casual
7661,0h 9m 28s,5/11/2011 8:24,Church St / Monteith St ,7058,5/11/2011 8:34,Wellington St / Portland St,7011,T01302,,Casual
7778,0h 14m 40s,5/11/2011 10:36,Wellington St / Portland St,7011,5/11/2011 10:50,Spadina Ave / Sussex Ave,7074,T01302,,Casual
8186,2h 37m 14s,5/11/2011 17:25,Spadina Ave / Sussex Ave,7074,5/11/2011 20:02,Spadina Ave / Sussex Ave,7074,T01302,,Casual
10414,0h 25m 54s,5/13/2011 17:20,Spadina Ave / Sussex Ave,7074,5/13/2011 17:46,Front/Yonge (Hockey Hall of Fame),7048,T01302,,Casual
11719,0h 23m 25s,5/15/2011 23:27,Euclid Ave / Bloor St,7040,5/15/2011 23:51,Euclid Ave / Bloor St,7040,T01302,M5G2M4,Subscriber
13642,0h 9m 56s,5/19/2011 4:08,Euclid Ave / Bloor St,7040,5/19/2011 4:18,King St W / Spadina Ave,7010,T01302,ON,Subscriber
13704,0h 5m 33s,5/19/2011 8:05,King St W / Spadina Ave,7010,5/19/2011 8:10,King St W / Bay St,7015,T01302,M5S 2M5,Subscriber
14652,0h 9m 29s,5/19/2011 18:28,King St W / Bay St,7015,5/19/2011 18:38,Euclid Ave / Bloor St,7040,T01302,M5G2K2,Casual
15710,0h 2m 50s,5/20/2011 12:57,Euclid Ave / Bloor St,7040,5/20/2011 13:00,Elizabeth St / Edward St,7012,T01302,M5G2R2,Casual
16044,0h 17m 17s,5/20/2011 16:15,Elizabeth St / Edward St,7012,5/20/2011 16:32,Elizabeth St / Edward St,7012,T01302,,Casual
16124,0h 12m 34s,5/20/2011 16:52,Elizabeth St / Edward St,7012,5/20/2011 17:05,St George St / Bloor St W,7002,T01302,M5R1C9,Subscriber
18282,0h 17m 6s,5/21/2011 15:05,St George St / Bloor St W,7002,5/21/2011 15:23,Bathurst / Queens Quay (Island Airport),7071,T01302,,Casual
19613,0h 11m 18s,5/21/2011 21:36,Bathurst / Queens Quay (Island Airport),7071,5/21/2011 21:47,College St / Major St,7078,T01302,,Casual
19707,0h 24m 35s,5/21/2011 22:44,College St / Major St,7078,5/21/2011 23:08,Queens Park / Bloor St W,7063,T01302,,Casual
19793,0h 27m 25s,5/21/2011 23:56,Queens Park / Bloor St W,7063,5/22/2011 0:23,College St / Major St,7078,T01302,,Casual
19896,0h 42m 58s,5/22/2011 1:19,College St / Major St,7078,5/22/2011 2:02,Madison Ave / Bloor St W,7003,T01302,,Casual
19931,1h 4m 13s,5/22/2011 2:09,Madison Ave / Bloor St W,7003,5/22/2011 3:13,Lower Jarvis St / The Esplanade,7001,T01302,,Casual
20515,5h 16m 28s,5/22/2011 14:34,Simcoe St / Wellington St W,7057,5/22/2011 19:51,Simcoe St / Wellington St W,7057,T01302,,Casual
22057,0h 25m 5s,5/23/2011 4:22,Simcoe St / Wellington St W,7057,5/23/2011 4:47,Euclid Ave / Bloor St,7040,T01302,,Casual
22168,0h 33m 53s,5/23/2011 10:20,Euclid Ave / Bloor St,7040,5/23/2011 10:54,Euclid Ave / Bloor St,7040,T01302,,Casual
22600,0h 8m 15s,5/23/2011 14:44,Euclid Ave / Bloor St,7040,5/23/2011 14:52,Sherbourne / Carlton (Allan Gardens),7014,T01302,,Casual
24630,0h 10m 50s,5/24/2011 18:16,Sherbourne / Carlton (Allan Gardens),7014,5/24/2011 18:27,Front/Yonge (Hockey Hall of Fame),7048,T01302,,Casual
25079,0h 20m 58s,5/25/2011 0:23,Front/Yonge (Hockey Hall of Fame),7048,5/25/2011 0:44,Huron St / Harbord St ,7024,T01302,,Casual
25498,0h 15m 41s,5/25/2011 11:14,Huron St / Harbord St ,7024,5/25/2011 11:30,Queen St / Portland St,7049,T01302,T6J 0H8,Casual
25562,0h 8m 10s,5/25/2011 12:11,Queen St / Portland St,7049,5/25/2011 12:19,Huron St / Harbord St ,7024,T01302,,Casual
26693,0h 36m 19s,5/26/2011 12:00,Huron St / Harbord St ,7024,5/26/2011 12:37,Dundas / Yonge St.,7038,T01302,,Casual
26738,0h 14m 5s,5/26/2011 12:44,Dundas / Yonge St.,7038,5/26/2011 12:58,Elizabeth St / Edward St,7012,T01302,M6P4E1,Casual
28861,0h 11m 54s,5/27/2011 20:24,Elizabeth St / Edward St,7012,5/27/2011 20:36,Lower Jarvis St / The Esplanade,7001,T01302,M5G 1C7,Subscriber
30985,0h 15m 5s,5/29/2011 4:00,Parliament St / Gerrard St,7056,5/29/2011 4:15,Augusta Ave / Dundas St W,7032,T01302,,Casual
32509,0h 9m 31s,5/29/2011 23:58,Spadina Ave / Sussex Ave,7074,5/30/2011 0:07,Spadina Ave / Sussex Ave,7074,T01302,M5S 1C6,Casual
32883,0h 9m 45s,5/30/2011 10:05,Spadina Ave / Sussex Ave,7074,5/30/2011 10:15,Bay St / Albert St,7021,T01302,,Casual
32948,0h 4m 13s,5/30/2011 10:53,Bay St / Albert St,7021,5/30/2011 10:57,Bay St / College St,7006,T01302,,Casual
32966,0h 5m 3s,5/30/2011 11:02,Bay St / College St,7006,5/30/2011 11:07,Bay St / Albert St,7021,T01302,M4L2C7,Casual
33055,0h 58m 15s,5/30/2011 12:04,Bay St / Albert St,7021,5/30/2011 13:02,Bay St / Albert St,7021,T01302,L9L 1B6,Casual
33508,0h 6m 13s,5/30/2011 16:01,Bay St / Albert St,7021,5/30/2011 16:08,Front/Yonge (Hockey Hall of Fame),7048,T01302,L9L 1B6,Casual
33824,0h 10m 19s,5/30/2011 17:35,Front/Yonge (Hockey Hall of Fame),7048,5/30/2011 17:45,Sherbourne St / Wellesley St,7042,T01302,,Casual
34369,0h 10m 7s,5/30/2011 21:04,Sherbourne St / Wellesley St,7042,5/30/2011 21:14,Widmer St / Adelaide St ,7017,T01302,M5B2P7,Casual
34427,0h 13m 20s,5/30/2011 21:41,Widmer St / Adelaide St ,7017,5/30/2011 21:55,Sherbourne / Carlton (Allan Gardens),7014,T01302,,Casual
34503,0h 32m 11s,5/30/2011 22:49,Sherbourne / Carlton (Allan Gardens),7014,5/30/2011 23:21,Bathurst / Queens Quay (Island Airport),7071,T01302,M5V 2V6,Subscriber
35573,0h 39m 9s,5/31/2011 15:48,Bathurst / Queens Quay (Island Airport),7071,5/31/2011 16:27,Dundas / Yonge St.,7038,T01302,,Casual
36557,20h 27m 58s,5/31/2011 21:30,Dundas / Yonge St.,7038,6/1/2011 17:58,Spadina Ave / Sussex Ave,7074,T01302,,Casual
38492,0h 22m 40s,6/1/2011 19:50,Spadina Ave / Sussex Ave,7074,6/1/2011 20:13,Bay St / Bloor St W,7029,T01302,L3R 0R9,Subscriber
38572,0h 7m 31s,6/1/2011 20:30,Bay St / Bloor St W,7029,6/1/2011 20:38,Tech Terminal,7033,T01302,L3R 0R9,Subscriber
38817,0h 7m 7s,6/1/2011 23:10,Tech Terminal,7033,6/1/2011 23:17,Bloor St / Brunswick Ave,7061,T01302,M5R1C8,Casual
38922,0h 3m 57s,6/2/2011 7:15,Bloor St / Brunswick Ave,7061,6/2/2011 7:19,University Ave / College St,7062,T01302,H2X2L3,Subscriber
39438,0h 6m 45s,6/2/2011 12:09,University Ave / College St,7062,6/2/2011 12:16,College St / Borden St,7023,T01302,,Casual
39546,0h 9m 36s,6/2/2011 13:00,College St / Borden St,7023,6/2/2011 13:09,Willcocks St / St. George St,7066,T01302,,Casual
39648,0h 7m 35s,6/2/2011 14:07,Willcocks St / St. George St,7066,6/2/2011 14:15,Augusta Ave / Dundas St W,7032,T01302,M5T2N2,Casual
39705,0h 8m 28s,6/2/2011 14:49,Augusta Ave / Dundas St W,7032,6/2/2011 14:57,Willcocks St / St. George St,7066,T01302,M5T2N2,Casual
39866,0h 6m 53s,6/2/2011 16:12,Willcocks St / St. George St,7066,6/2/2011 16:19,Wellington St / Portland St,7011,T01302,,Casual
40468,0h 18m 31s,6/2/2011 19:24,Wellington St / Portland St,7011,6/2/2011 19:42,St George St / Bloor St W,7002,T01302,M5V 3H1,Casual
40799,0h 6m 18s,6/2/2011 23:30,St George St / Bloor St W,7002,6/2/2011 23:36,Wellington St / Portland St,7011,T01302,,Casual
40885,0h 7m 23s,6/3/2011 2:26,Wellington St / Portland St,7011,6/3/2011 2:33,Bay St / College St,7006,T01302,,Casual
40900,0h 8m 53s,6/3/2011 6:14,Bay St / College St,7006,6/3/2011 6:23,Widmer St / Adelaide St ,7017,T01302,M5S 1Y9,Casual
40928,0h 2m 45s,6/3/2011 7:22,Widmer St / Adelaide St ,7017,6/3/2011 7:25,Simcoe St / Queen St W,7022,T01302,M5S 1Y9,Casual
41951,0h 21m 15s,6/3/2011 15:37,Simcoe St / Queen St W,7022,6/3/2011 15:58,Bathurst St / Dundas St,7037,T01302,,Casual
45077,1h 31m 57s,6/5/2011 12:44,Bathurst St / Dundas St,7037,6/5/2011 14:16,Dockside Dr / Queens Quay E.,7068,T01302,,Casual
47615,0h 31m 2s,6/6/2011 10:33,Jarvis St / Isabella St,7031,6/6/2011 11:04,Front/Yonge (Hockey Hall of Fame),7048,T01302,,Casual
47657,0h 8m 52s,6/6/2011 11:15,Front/Yonge (Hockey Hall of Fame),7048,6/6/2011 11:23,Simcoe St / Dundas St W,7039,T01302,M6J 1N4,Casual
51031,0h 5m 55s,6/7/2011 18:38,Simcoe St / Dundas St W,7039,6/7/2011 18:44,King St W / Bay St,7015,T01302,M5C2X4,Casual
51156,0h 7m 6s,6/7/2011 19:26,King St W / Bay St,7015,6/7/2011 19:33,Sherbourne St / Wellesley St,7042,T01302,M5A4M3,Casual
52240,0h 11m 35s,6/8/2011 9:51,Sherbourne St / Wellesley St,7042,6/8/2011 10:03,Church St / Bloor St E,7034,T01302,M6P 2T9,Casual
53278,0h 12m 20s,6/8/2011 17:25,Church St / Bloor St E,7034,6/8/2011 17:38,Richmond St E / Jarvis St,7050,T01302,M5A2M5,Casual
53458,0h 22m 21s,6/8/2011 18:12,Richmond St E / Jarvis St,7050,6/8/2011 18:34,Queen St / Ossington Ave,7035,T01302,M5T2G6,Casual
53956,0h 5m 37s,6/8/2011 22:13,Queen St / Ossington Ave,7035,6/8/2011 22:19,Elizabeth St / Edward St,7012,T01302,M5G1R1,Subscriber
57697,0h 28m 33s,6/10/2011 15:52,Church St / Alexander St,7044,6/10/2011 16:20,Dockside Dr / Queens Quay E.,7068,T01302,,Casual
62600,0h 10m 13s,6/12/2011 16:53,Dockside Dr / Queens Quay E.,7068,6/12/2011 17:03,Ferry Ramp / Queens Quay W,7016,T01302,M5J2R9,Casual
64217,1h 44m 37s,6/13/2011 13:28,Ferry Ramp / Queens Quay W,7016,6/13/2011 15:12,Ferry Ramp / Queens Quay W,7016,T01302,,Casual
66049,4h 8m 16s,6/14/2011 11:50,Ferry Ramp / Queens Quay W,7016,6/14/2011 15:58,Ferry Ramp / Queens Quay W,7016,T01302,,Casual
67083,1h 45m 34s,6/14/2011 18:18,Ferry Ramp / Queens Quay W,7016,6/14/2011 20:03,King St W / Spadina Ave,7010,T01302,,Casual
68199,0h 6m 22s,6/15/2011 9:00,King St W / Spadina Ave,7010,6/15/2011 9:06,University Ave / King St W,7005,T01302,,Casual
68298,0h 6m 27s,6/15/2011 9:38,University Ave / King St W,7005,6/15/2011 9:45,Front St W / Blue Jays Way,7059,T01302,M2K 2T3,Casual
70330,0h 9m 39s,6/15/2011 23:34,Front St W / Blue Jays Way,7059,6/15/2011 23:44,Bay St / College St,7006,T01302,M5A 0E9,Casual
70791,0h 5m 27s,6/16/2011 8:52,Bay St / College St,7006,6/16/2011 8:57,King St W / Bay St,7015,T01302,M5G2R2,Casual
71349,0h 14m 22s,6/16/2011 12:56,King St W / Bay St,7015,6/16/2011 13:10,Augusta Ave / Dundas St W,7032,T01302,,Casual
71479,0h 20m 24s,6/16/2011 13:59,Augusta Ave / Dundas St W,7032,6/16/2011 14:19,King St E / Jarvis St,7009,T01302,M5A0B1,Casual
72076,0h 21m 37s,6/16/2011 17:45,King St E / Jarvis St,7009,6/16/2011 18:06,University Ave / Elm St,7004,T01302,,Casual
72565,0h 3m 54s,6/16/2011 20:18,University Ave / Elm St,7004,6/16/2011 20:22,Edward St / Yonge St,7041,T01302,M5T 2Y9,Casual
72739,0h 14m 37s,6/16/2011 21:45,Edward St / Yonge St,7041,6/16/2011 22:00,Madison Ave / Bloor St W,7003,T01302,M5R2T1,Subscriber
72960,0h 43m 5s,6/17/2011 0:13,Madison Ave / Bloor St W,7003,6/17/2011 0:56,York St / Queens Quay W,7076,T01302,M5J2Y5,Casual
74045,0h 51m 16s,6/17/2011 14:34,Queens Park Cres E,7008,6/17/2011 15:26,Dundas / Yonge St.,7038,T01302,,Casual
74594,0h 34m 24s,6/17/2011 17:29,Dundas / Yonge St.,7038,6/17/2011 18:03,Spadina Ave / Sussex Ave,7074,T01302,,Casual
75081,0h 23m 47s,6/17/2011 19:48,Spadina Ave / Sussex Ave,7074,6/17/2011 20:12,Phoebe St / Spadina Ave,7020,T01302,,Casual
75549,0h 15m 33s,6/17/2011 22:37,Phoebe St / Spadina Ave,7020,6/17/2011 22:53,Wellington St W / Bay St,7052,T01302,,Casual
78257,0h 3m 10s,6/18/2011 18:38,Wellington St W / Bay St,7052,6/18/2011 18:41,Metro Hall Plaza,7053,T01302,M5T1B9,Casual
78288,0h 12m 28s,6/18/2011 18:47,Metro Hall Plaza,7053,6/18/2011 18:59,Bay St / St Joseph St,7026,T01302,M5V3T5,Casual
78420,0h 0m 25s,6/18/2011 19:26,Bay St / St Joseph St,7026,6/18/2011 19:26,Bay St / St Joseph St,7026,T01302,M5S3A6,Subscriber
78862,0h 24m 14s,6/18/2011 22:03,Bay St / St Joseph St,7026,6/18/2011 22:28,York St / Queens Quay W,7076,T01302,M5V3T5,Casual
78909,3h 4m 44s,6/18/2011 22:30,York St / Queens Quay W,7076,6/19/2011 1:35,York St / Queens Quay W,7076,T01302,,Casual
79344,0h 10m 29s,6/19/2011 7:06,York St / Queens Quay W,7076,6/19/2011 7:17,University Ave / Elm St,7004,T01302,,Casual
80603,0h 5m 56s,6/19/2011 16:01,University Ave / Elm St,7004,6/19/2011 16:07,Queens Park / Bloor St W,7063,T01302,,Casual
81036,5h 2m 49s,6/19/2011 17:43,Queens Park / Bloor St W,7063,6/19/2011 22:46,Madison Ave / Bloor St W,7003,T01302,,Casual
82224,0h 10m 28s,6/20/2011 10:31,Madison Ave / Bloor St W,7003,6/20/2011 10:41,Queen St W / Shaw St,7072,T01302,M4J3W7,Casual
82251,0h 7m 54s,6/20/2011 10:46,Queen St W / Shaw St,7072,6/20/2011 10:54,Bay St / College St,7006,T01302,M4M2X3,Casual
82283,0h 9m 43s,6/20/2011 11:09,Bay St / College St,7006,6/20/2011 11:19,Queen St W / Shaw St,7072,T01302,M4M2X3,Casual
82590,0h 10m 1s,6/20/2011 13:28,Queen St W / Shaw St,7072,6/20/2011 13:38,Madison Ave / Bloor St W,7003,T01302,M4J3W7,Casual
82626,0h 15m 51s,6/20/2011 13:48,Madison Ave / Bloor St W,7003,6/20/2011 14:04,Queen St W / Spadina Ave,7069,T01302,M9P1L6,Casual
85448,0h 20m 17s,6/21/2011 16:43,Augusta Ave / Dundas St W,7032,6/21/2011 17:04,Edward St / Yonge St,7041,T01302,,Casual
86649,0h 4m 28s,6/22/2011 6:57,Edward St / Yonge St,7041,6/22/2011 7:01,Wellington St W / Bay St,7052,T01302,M5G2G5,Casual
88160,0h 11m 12s,6/22/2011 22:50,Wellington St W / Bay St,7052,6/22/2011 23:01,College St / Major St,7078,T01302,M4Y1C9,Casual
88365,0h 11m 29s,6/23/2011 8:06,College St / Major St,7078,6/23/2011 8:17,Bay St / Albert St,7021,T01302,,Casual
89199,0h 7m 6s,6/23/2011 15:33,Bay St / Albert St,7021,6/23/2011 15:40,Phoebe St / Spadina Ave,7020,T01302,M5T 2C8,Casual
89419,0h 8m 38s,6/23/2011 17:21,Phoebe St / Spadina Ave,7020,6/23/2011 17:30,Euclid Ave / Bloor St,7040,T01302,M5G2J8,Casual
90369,0h 7m 37s,6/24/2011 8:45,Euclid Ave / Bloor St,7040,6/24/2011 8:53,Phoebe St / Spadina Ave,7020,T01302,M5G2J8,Casual
92555,0h 10m 5s,6/25/2011 11:19,Phoebe St / Spadina Ave,7020,6/25/2011 11:29,Bay St / College St,7006,T01302,ON,Subscriber
92650,0h 8m 12s,6/25/2011 12:00,Bay St / College St,7006,6/25/2011 12:08,Bay St / Bloor St W,7029,T01302,,Casual
93072,0h 6m 32s,6/25/2011 14:27,Bay St / Bloor St W,7029,6/25/2011 14:33,Bloor St / Brunswick Ave,7061,T01302,M5S2L2,Subscriber
94468,0h 6m 23s,6/26/2011 3:05,Bloor St / Brunswick Ave,7061,6/26/2011 3:12,Bay St / Bloor St W,7029,T01302,ON,Casual
95205,0h 9m 55s,6/26/2011 14:17,Bay St / Bloor St W,7029,6/26/2011 14:27,College St / Major St,7078,T01302,M5R 1B5,Casual
95401,0h 11m 27s,6/26/2011 15:12,College St / Major St,7078,6/26/2011 15:23,Front St W / Blue Jays Way,7059,T01302,M5V4B3,Casual
95486,0h 17m 48s,6/26/2011 15:34,Front St W / Blue Jays Way,7059,6/26/2011 15:52,Edward St / Yonge St,7041,T01302,,Casual
95655,0h 20m 59s,6/26/2011 16:27,Edward St / Yonge St,7041,6/26/2011 16:48,King St W / Spadina Ave,7010,T01302,,Casual
95822,0h 3m 19s,6/26/2011 17:23,King St W / Spadina Ave,7010,6/26/2011 17:27,Bathurst / Queens Quay (Island Airport),7071,T01302,M5V3Z9,Casual
95952,0h 13m 0s,6/26/2011 18:16,Bathurst / Queens Quay (Island Airport),7071,6/26/2011 18:29,Madison Ave / Bloor St W,7003,T01302,,Casual
96002,0h 16m 23s,6/26/2011 18:40,Madison Ave / Bloor St W,7003,6/26/2011 18:57,University Ave / Elm St,7004,T01302,,Casual
96076,0h 23m 45s,6/26/2011 19:03,University Ave / Elm St,7004,6/26/2011 19:27,25 York St,7070,T01302,,Casual
96202,0h 18m 2s,6/26/2011 19:55,25 York St,7070,6/26/2011 20:13,Queen St W / Spadina Ave,7069,T01302,,Casual
96448,0h 7m 37s,6/26/2011 22:30,Queen St W / Spadina Ave,7069,6/26/2011 22:37,Front/Yonge (Hockey Hall of Fame),7048,T01302,M6H 3Z9,Casual
96636,0h 10m 16s,6/27/2011 7:16,Front/Yonge (Hockey Hall of Fame),7048,6/27/2011 7:26,University Ave / Elm St,7004,T01302,L1Z0E3,Casual
96659,0h 13m 28s,6/27/2011 7:37,University Ave / Elm St,7004,6/27/2011 7:51,Church St / Bloor St E,7034,T01302,M5T 1K5,Casual
98084,0h 9m 26s,6/27/2011 17:17,Church St / Bloor St E,7034,6/27/2011 17:27,Madison Ave / Bloor St W,7003,T01302,M5S1W5,Casual
99643,0h 23m 58s,6/28/2011 12:29,Queens Park Cres E,7008,6/28/2011 12:53,25 York St,7070,T01302,L6A1K2,Casual
103355,0h 42m 36s,6/29/2011 20:54,25 York St,7070,6/29/2011 21:36,Bremner Blvd / Rees St,7018,T01302,,Casual
103488,0h 24m 32s,6/29/2011 22:12,Bremner Blvd / Rees St,7018,6/29/2011 22:37,Front/Yonge (Hockey Hall of Fame),7048,T01302,,Casual
103596,0h 12m 30s,6/30/2011 0:00,Front/Yonge (Hockey Hall of Fame),7048,6/30/2011 0:13,Church St / Alexander St,7044,T01302,M4Y 1B5,Subscriber
103838,0h 7m 6s,6/30/2011 8:15,Church St / Alexander St,7044,6/30/2011 8:22,Melinda St / Yonge St,7036,T01302,M4Y 3C5,Casual
104032,0h 3m 30s,6/30/2011 9:05,Melinda St / Yonge St,7036,6/30/2011 9:08,King St E / Jarvis St,7009,T01302,,Casual
104299,0h 14m 19s,6/30/2011 11:56,King St E / Jarvis St,7009,6/30/2011 12:10,University Ave / College St,7062,T01302,,Casual
105029,0h 13m 12s,6/30/2011 16:41,University Ave / College St,7062,6/30/2011 16:54,Church St / Monteith St ,7058,T01302,M6H1N3,Casual
105315,0h 21m 23s,6/30/2011 17:55,Church St / Monteith St ,7058,6/30/2011 18:17,Front/Yonge (Hockey Hall of Fame),7048,T01302,,Casual
106590,0h 15m 38s,7/1/2011 11:20,Front/Yonge (Hockey Hall of Fame),7048,7/1/2011 11:35,York St / Queens Quay W,7076,T01302,,Casual
106695,1h 3m 52s,7/1/2011 11:54,York St / Queens Quay W,7076,7/1/2011 12:57,York St / Queens Quay W,7076,T01302,,Casual
108058,0h 14m 32s,7/1/2011 17:28,University Ave / Elm St,7004,7/1/2011 17:42,St George St / Bloor St W,7002,T01302,M5T2Y9,Casual
108377,0h 3m 19s,7/1/2011 18:46,St George St / Bloor St W,7002,7/1/2011 18:49,Willcocks St / St. George St,7066,T01302,M5S 3G5,Subscriber
108752,0h 12m 4s,7/1/2011 20:24,Willcocks St / St. George St,7066,7/1/2011 20:36,Queen St / Ossington Ave,7035,T01302,,Casual
110814,0h 15m 22s,7/2/2011 15:42,Queen St / Ossington Ave,7035,7/2/2011 15:57,Front St W / Blue Jays Way,7059,T01302,,Casual
111039,0h 14m 27s,7/2/2011 16:29,Front St W / Blue Jays Way,7059,7/2/2011 16:44,Augusta Ave / Dundas St W,7032,T01302,,Casual
111280,0h 20m 13s,7/2/2011 17:26,Augusta Ave / Dundas St W,7032,7/2/2011 17:46,College St / Borden St,7023,T01302,,Casual
111475,0h 46m 20s,7/2/2011 18:17,College St / Borden St,7023,7/2/2011 19:03,College St / Borden St,7023,T01302,,Casual
114755,0h 6m 3s,7/3/2011 23:43,College St / Borden St,7023,7/3/2011 23:49,Queens Park / Bloor St W,7063,T01302,M5R1S9,Casual
115721,0h 12m 4s,7/4/2011 13:50,Queens Park / Bloor St W,7063,7/4/2011 14:03,Dundas / Yonge St.,7038,T01302,,Casual
115876,0h 20m 41s,7/4/2011 14:49,Dundas / Yonge St.,7038,7/4/2011 15:09,St George St / Bloor St W,7002,T01302,,Casual
116086,0h 16m 27s,7/4/2011 16:09,St George St / Bloor St W,7002,7/4/2011 16:26,Augusta Ave / Dundas St W,7032,T01302,,Casual
120968,0h 10m 6s,7/6/2011 17:25,Augusta Ave / Dundas St W,7032,7/6/2011 17:35,Sherbourne / Carlton (Allan Gardens),7014,T01302,M5B 1Y6,Casual
121737,0h 24m 52s,7/6/2011 21:21,Sherbourne / Carlton (Allan Gardens),7014,7/6/2011 21:46,Queen St / Ossington Ave,7035,T01302,,Casual
121811,0h 18m 28s,7/6/2011 22:04,Queen St / Ossington Ave,7035,7/6/2011 22:23,Spadina Ave / Sussex Ave,7074,T01302,,Casual
123084,0h 13m 40s,7/7/2011 14:35,Queens Park Cres E,7008,7/7/2011 14:49,Church St / Bloor St E,7034,T01302,,Casual
123355,0h 15m 22s,7/7/2011 16:34,Church St / Bloor St E,7034,7/7/2011 16:49,Front/Yonge (Hockey Hall of Fame),7048,T01302,L1K2S5,Casual
124285,0h 19m 20s,7/7/2011 21:43,Front/Yonge (Hockey Hall of Fame),7048,7/7/2011 22:02,Queens Park / Bloor St W,7063,T01302,,Casual
130779,1h 56m 12s,7/10/2011 13:55,Queens Park / Bloor St W,7063,7/10/2011 15:51,Church St / Monteith St ,7058,T01302,,Casual
133076,0h 6m 29s,7/11/2011 13:16,Church St / Monteith St ,7058,7/11/2011 13:22,Bloor St / Brunswick Ave,7061,T01302,,Casual
134540,0h 22m 42s,7/11/2011 21:41,Bloor St / Brunswick Ave,7061,7/11/2011 22:04,Bay St / Wellesley St W,7030,T01302,,Casual
138462,0h 4m 39s,7/13/2011 13:02,Bay St / Wellesley St W,7030,7/13/2011 13:06,University Ave / Gerrard St W,7047,T01302,L4J6M5,Casual
139124,0h 5m 8s,7/13/2011 17:16,University Ave / Gerrard St W,7047,7/13/2011 17:21,Bay St / Albert St,7021,T01302,M5J 1Z9,Subscriber
139299,0h 11m 36s,7/13/2011 17:50,Bay St / Albert St,7021,7/13/2011 18:02,Willcocks St / St. George St,7066,T01302,,Casual
139490,0h 8m 17s,7/13/2011 18:33,Willcocks St / St. George St,7066,7/13/2011 18:42,Navy Wharf Ct. / Bremner Blvd.,7054,T01302,M4Y1H5,Casual
140573,0h 9m 28s,7/14/2011 8:50,Navy Wharf Ct. / Bremner Blvd.,7054,7/14/2011 8:59,Queen St / Ossington Ave,7035,T01302,L5M3J5,Casual
140742,0h 11m 54s,7/14/2011 9:36,Queen St / Ossington Ave,7035,7/14/2011 9:48,Lower Simcoe St / Lakeshore Blvd W,7043,T01302,M5J2X1,Subscriber
141606,0h 21m 19s,7/14/2011 16:09,Lower Simcoe St / Lakeshore Blvd W,7043,7/14/2011 16:30,Bay St / Albert St,7021,T01302,,Casual
141752,0h 10m 58s,7/14/2011 16:45,Bay St / Albert St,7021,7/14/2011 16:56,Jarvis St / Isabella St,7031,T01302,M4X1G7,Casual
142418,0h 10m 58s,7/14/2011 19:45,Jarvis St / Isabella St,7031,7/14/2011 19:56,Dundas / Yonge St.,7038,T01302,,Casual
142683,0h 13m 41s,7/14/2011 21:32,Dundas / Yonge St.,7038,7/14/2011 21:46,University Ave / Elm St,7004,T01302,,Casual
142789,0h 8m 23s,7/14/2011 22:24,University Ave / Elm St,7004,7/14/2011 22:32,Bay St / Wellesley St W,7030,T01302,,Casual
142876,0h 17m 54s,7/14/2011 23:13,Bay St / Wellesley St W,7030,7/14/2011 23:31,Bay St / Wellesley St W,7030,T01302,,Casual
144828,0h 6m 44s,7/15/2011 17:16,Bay St / Wellesley St W,7030,7/15/2011 17:22,Sherbourne / Carlton (Allan Gardens),7014,T01302,M1V3G6,Casual
145132,0h 6m 32s,7/15/2011 18:36,Sherbourne / Carlton (Allan Gardens),7014,7/15/2011 18:42,Queen St W / Shaw St,7072,T01302,M5B 1Y6,Casual
145252,0h 10m 57s,7/15/2011 19:15,Queen St W / Shaw St,7072,7/15/2011 19:26,Wellington St W / Bay St,7052,T01302,M5T2W9,Casual
146919,0h 16m 58s,7/16/2011 14:35,Wellington St W / Bay St,7052,7/16/2011 14:52,Bay St / Bloor St W,7029,T01302,,Casual
147322,2h 28m 36s,7/16/2011 16:34,Bay St / Bloor St W,7029,7/16/2011 19:02,Bay St / Bloor St W,7029,T01302,,Casual
148335,0h 17m 36s,7/16/2011 22:51,Bay St / Bloor St W,7029,7/16/2011 23:09,Elizabeth St / Edward St,7012,T01302,,Casual
149074,0h 7m 2s,7/17/2011 12:19,Church St / Monteith St ,7058,7/17/2011 12:26,Bay St / Albert St,7021,T01302,,Casual
149166,0h 8m 6s,7/17/2011 12:59,Bay St / Albert St,7021,7/17/2011 13:07,Church St / Monteith St ,7058,T01302,,Casual
149422,0h 17m 21s,7/17/2011 14:19,Church St / Monteith St ,7058,7/17/2011 14:37,Augusta Ave / Dundas St W,7032,T01302,,Casual
149503,2h 33m 53s,7/17/2011 14:51,Augusta Ave / Dundas St W,7032,7/17/2011 17:25,Edward St / Yonge St,7041,T01302,,Casual
150278,0h 4m 6s,7/17/2011 19:02,Edward St / Yonge St,7041,7/17/2011 19:07,Bay St / College St,7006,T01302,M4Y3E1,Casual
157625,0h 12m 32s,7/20/2011 17:17,Bay St / College St,7006,7/20/2011 17:30,Phoebe St / Spadina Ave,7020,T01302,M5V2L2,Subscriber
158069,0h 15m 8s,7/20/2011 18:54,Phoebe St / Spadina Ave,7020,7/20/2011 19:10,Bay St / Bloor St W,7029,T01302,,Casual
158146,0h 9m 23s,7/20/2011 19:17,Bay St / Bloor St W,7029,7/20/2011 19:26,Madison Ave / Bloor St W,7003,T01302,M5R 2S3,Casual
158598,0h 23m 1s,7/20/2011 22:18,Madison Ave / Bloor St W,7003,7/20/2011 22:41,Church St / Bloor St E,7034,T01302,,Casual
160547,0h 9m 58s,7/21/2011 19:35,Church St / Bloor St E,7034,7/21/2011 19:45,Elizabeth St / Edward St,7012,T01302,,Casual
160590,0h 13m 1s,7/21/2011 19:48,Elizabeth St / Edward St,7012,7/21/2011 20:01,Bay St / Bloor St W,7029,T01302,M5S2X8,Casual
160659,0h 17m 47s,7/21/2011 20:16,Bay St / Bloor St W,7029,7/21/2011 20:34,Wellington St W / Bay St,7052,T01302,,Casual
160739,0h 4m 45s,7/21/2011 20:45,Wellington St W / Bay St,7052,7/21/2011 20:50,Bay St / Albert St,7021,T01302,M4M1M5,Casual
161020,0h 5m 3s,7/21/2011 23:15,Bay St / Albert St,7021,7/21/2011 23:20,Church St / Monteith St ,7058,T01302,M4Y 2V6,Casual
161174,0h 8m 45s,7/22/2011 2:12,Church St / Monteith St ,7058,7/22/2011 2:20,Simcoe St / Queen St W,7022,T01302,,Casual
161532,0h 10m 50s,7/22/2011 8:44,Simcoe St / Queen St W,7022,7/22/2011 8:55,Front/Yonge (Hockey Hall of Fame),7048,T01302,ON,Casual
161897,0h 9m 54s,7/22/2011 11:10,Front/Yonge (Hockey Hall of Fame),7048,7/22/2011 11:20,Richmond St E / Jarvis St,7050,T01302,M5C 1P1,Casual
162295,0h 13m 4s,7/22/2011 13:39,Richmond St E / Jarvis St,7050,7/22/2011 13:52,Navy Wharf Ct. / Bremner Blvd.,7054,T01302,M5B2H9,Subscriber
162362,0h 4m 17s,7/22/2011 14:04,Navy Wharf Ct. / Bremner Blvd.,7054,7/22/2011 14:08,Church St / Bloor St E,7034,T01302,M4Y1G3,Casual
162512,0h 4m 0s,7/22/2011 15:06,Church St / Bloor St E,7034,7/22/2011 15:10,College St / Borden St,7023,T01302,M4Y1G3,Casual
162581,0h 5m 38s,7/22/2011 15:32,College St / Borden St,7023,7/22/2011 15:37,Willcocks St / St. George St,7066,T01302,M5B2M3,Casual
162871,0h 8m 52s,7/22/2011 17:10,Willcocks St / St. George St,7066,7/22/2011 17:19,Navy Wharf Ct. / Bremner Blvd.,7054,T01302,M4Y1H5,Casual
164578,0h 8m 0s,7/23/2011 12:56,Navy Wharf Ct. / Bremner Blvd.,7054,7/23/2011 13:04,College St / Borden St,7023,T01302,M4L 2H8,Casual
164629,0h 11m 40s,7/23/2011 13:18,College St / Borden St,7023,7/23/2011 13:30,King St E / Jarvis St,7009,T01302,M5E1Z7,Casual
164962,0h 4m 20s,7/23/2011 14:39,King St E / Jarvis St,7009,7/23/2011 14:44,Sherbourne / Carlton (Allan Gardens),7014,T01302,M5B 1Y6,Casual
165504,0h 27m 46s,7/23/2011 17:38,Sherbourne / Carlton (Allan Gardens),7014,7/23/2011 18:06,York St / Queens Quay W,7076,T01302,,Casual
165699,0h 7m 48s,7/23/2011 18:53,York St / Queens Quay W,7076,7/23/2011 19:01,Ft. York / Capreol Crt.,7000,T01302,,Casual
166024,0h 21m 32s,7/24/2011 0:29,Ft. York / Capreol Crt.,7000,7/24/2011 0:50,Spadina Ave / Sussex Ave,7074,T01302,M5S 2J6,Subscriber
166610,1h 16m 44s,7/24/2011 12:47,Spadina Ave / Sussex Ave,7074,7/24/2011 14:03,Ferry Ramp / Queens Quay W,7016,T01302,,Casual
167149,0h 19m 10s,7/24/2011 15:15,Ferry Ramp / Queens Quay W,7016,7/24/2011 15:34,Bay St / St Joseph St,7026,T01302,,Casual
167457,0h 29m 13s,7/24/2011 16:45,Bay St / St Joseph St,7026,7/24/2011 17:14,Augusta Ave / Dundas St W,7032,T01302,,Casual
167585,0h 9m 16s,7/24/2011 17:27,Augusta Ave / Dundas St W,7032,7/24/2011 17:36,Edward St / Yonge St,7041,T01302,M4Y1H5,Casual
170069,0h 21m 45s,7/25/2011 18:37,Scott St / The Esplanade,7013,7/25/2011 18:59,Bremner / Spadina,7073,T01302,,Casual
170306,0h 13m 27s,7/25/2011 20:09,Bremner / Spadina,7073,7/25/2011 20:22,York St / Queens Quay W,7076,T01302,M5V3S1,Subscriber
170440,0h 12m 37s,7/25/2011 21:14,York St / Queens Quay W,7076,7/25/2011 21:27,Queens Quay W / Dan Leckie Way,7075,T01302,,Casual
170942,0h 22m 30s,7/26/2011 8:24,Queens Quay W / Dan Leckie Way,7075,7/26/2011 8:47,Bloor St / Brunswick Ave,7061,T01302,,Casual
171501,0h 7m 16s,7/26/2011 11:58,Bloor St / Brunswick Ave,7061,7/26/2011 12:05,Elizabeth St / Edward St,7012,T01302,,Casual
173236,1h 59m 42s,7/26/2011 21:24,Elizabeth St / Edward St,7012,7/26/2011 23:24,Elizabeth St / Edward St,7012,T01302,,Casual
175575,0h 8m 41s,7/27/2011 18:54,Elizabeth St / Edward St,7012,7/27/2011 19:03,Bremner / Spadina,7073,T01302,M5V3V2,Casual
176479,0h 7m 10s,7/28/2011 8:30,Bremner / Spadina,7073,7/28/2011 8:38,25 York St,7070,T01302,M5V 3Y9,Casual
177408,0h 5m 36s,7/28/2011 17:52,25 York St,7070,7/28/2011 17:58,Bremner / Spadina,7073,T01302,M5V 3Y9,Casual
177622,0h 12m 57s,7/28/2011 18:59,Bremner / Spadina,7073,7/28/2011 19:12,Elizabeth St / Edward St,7012,T01302,M5V4B3,Casual
177717,0h 16m 42s,7/28/2011 19:37,Elizabeth St / Edward St,7012,7/28/2011 19:54,Lower Jarvis St / The Esplanade,7001,T01302,,Casual
178412,0h 7m 29s,7/29/2011 8:50,Lower Jarvis St / The Esplanade,7001,7/29/2011 8:58,Metro Hall Plaza,7053,T01302,M5E1Y9,Casual
179505,0h 7m 50s,7/29/2011 17:04,Metro Hall Plaza,7053,7/29/2011 17:12,Scott St / The Esplanade,7013,T01302,M5E1Y9,Casual
180012,0h 17m 3s,7/29/2011 20:37,Scott St / The Esplanade,7013,7/29/2011 20:54,Bathurst / Queens Quay (Island Airport),7071,T01302,,Casual
180129,0h 28m 6s,7/29/2011 22:05,Bathurst / Queens Quay (Island Airport),7071,7/29/2011 22:33,Edward St / Yonge St,7041,T01302,,Casual
181422,0h 6m 53s,7/30/2011 15:08,Edward St / Yonge St,7041,7/30/2011 15:14,Queen St / Ossington Ave,7035,T01302,M5T1X2,Casual
182978,0h 5m 35s,7/31/2011 10:43,Queen St / Ossington Ave,7035,7/31/2011 10:48,Edward St / Yonge St,7041,T01302,M5T1X2,Casual
183521,0h 3m 58s,7/31/2011 14:46,Edward St / Yonge St,7041,7/31/2011 14:50,Granby St / Yonge St,7077,T01302,M4Y 2J3,Casual
185140,0h 17m 55s,8/1/2011 12:06,Granby St / Yonge St,7077,8/1/2011 12:23,Front St W / Blue Jays Way,7059,T01302,,Casual
185182,0h 23m 13s,8/1/2011 12:26,Front St W / Blue Jays Way,7059,8/1/2011 12:49,Queens Quay W / Dan Leckie Way,7075,T01302,,Casual
185390,1h 23m 47s,8/1/2011 13:44,Queens Quay W / Dan Leckie Way,7075,8/1/2011 15:08,Queens Quay W / Dan Leckie Way,7075,T01302,,Casual
185646,3h 16m 29s,8/1/2011 15:09,Queens Quay W / Dan Leckie Way,7075,8/1/2011 18:25,Ferry Ramp / Queens Quay W,7016,T01302,,Casual
186279,3h 22m 19s,8/1/2011 18:36,Ferry Ramp / Queens Quay W,7016,8/1/2011 21:58,Ferry Ramp / Queens Quay W,7016,T01302,,Casual
187079,0h 18m 3s,8/2/2011 8:43,Ferry Ramp / Queens Quay W,7016,8/2/2011 9:01,Jarvis St / Carleton St,7055,T01302,M5J2G2,Subscriber
187183,0h 4m 6s,8/2/2011 9:08,Jarvis St / Carleton St,7055,8/2/2011 9:12,Gerrard St E / Church St,7079,T01302,M4G1P8,Casual
187304,0h 16m 13s,8/2/2011 10:08,Gerrard St E / Church St,7079,8/2/2011 10:24,Ferry Ramp / Queens Quay W,7016,T01302,,Casual
187349,14h 12m 22s,8/2/2011 10:45,Ferry Ramp / Queens Quay W,7016,8/3/2011 0:57,Bremner Blvd / Rees St,7018,T01302,,Casual
190115,0h 5m 5s,8/3/2011 15:35,Bremner Blvd / Rees St,7018,8/3/2011 15:40,Front St W / Blue Jays Way,7059,T01302,M5V3W6,Subscriber
190574,0h 8m 24s,8/3/2011 19:09,Front St W / Blue Jays Way,7059,8/3/2011 19:18,Queen St / Portland St,7049,T01302,,Casual
190587,0h 7m 55s,8/3/2011 19:21,Queen St / Portland St,7049,8/3/2011 19:29,College St / Major St,7078,T01302,M6H293,Casual
190784,0h 29m 15s,8/4/2011 0:25,College St / Major St,7078,8/4/2011 0:54,College St / Major St,7078,T01302,,Casual
191446,0h 10m 0s,8/4/2011 10:27,College St / Major St,7078,8/4/2011 10:37,Elizabeth St / Edward St,7012,T01302,ON,Subscriber
195734,0h 18m 10s,8/5/2011 19:58,Spadina Ave / Sussex Ave,7074,8/5/2011 20:17,Temperance St / Yonge St,7019,T01302,M5S2J6,Casual
195843,0h 7m 59s,8/5/2011 20:45,Temperance St / Yonge St,7019,8/5/2011 20:53,York St / Queens Quay W,7076,T01302,M5J2Y2,Casual
201636,0h 2m 39s,8/8/2011 20:00,Jarvis St / Isabella St,7031,8/8/2011 20:02,College St / Borden St,7023,T01302,M4Y1N9,Casual
201759,0h 33m 14s,8/8/2011 21:02,College St / Borden St,7023,8/8/2011 21:35,Bremner / Spadina,7073,T01302,,Casual
202190,0h 7m 22s,8/9/2011 8:57,Bremner / Spadina,7073,8/9/2011 9:04,25 York St,7070,T01302,,Casual
204019,0h 12m 47s,8/10/2011 9:00,Bremner / Spadina,7073,8/10/2011 9:13,Bloor St / Brunswick Ave,7061,T01302,M5V3V2,Casual
204272,0h 16m 56s,8/10/2011 10:40,Bloor St / Brunswick Ave,7061,8/10/2011 10:57,Front/Yonge (Hockey Hall of Fame),7048,T01302,,Casual
206400,0h 17m 31s,8/11/2011 8:30,Front/Yonge (Hockey Hall of Fame),7048,8/11/2011 8:47,Ted Rogers Way / Bloor St E,7025,T01302,L6V1Y1,Casual
207548,0h 14m 41s,8/11/2011 16:42,Ted Rogers Way / Bloor St E,7025,8/11/2011 16:57,Front/Yonge (Hockey Hall of Fame),7048,T01302,L6V1Y1,Casual
215647,0h 8m 2s,8/15/2011 8:23,Front/Yonge (Hockey Hall of Fame),7048,8/15/2011 8:31,King St W / Spadina Ave,7010,T01302,,Casual
215725,0h 11m 20s,8/15/2011 8:42,King St W / Spadina Ave,7010,8/15/2011 8:53,York St / Queens Quay W,7076,T01302,M5V2M9,Casual
221654,0h 6m 37s,8/17/2011 16:34,York St / Queens Quay W,7076,8/17/2011 16:41,Princess Ave / Adelaide St,7060,T01302,M5J2Y2,Casual
221718,1h 51m 25s,8/17/2011 16:50,Princess Ave / Adelaide St,7060,8/17/2011 18:42,College St / Major St,7078,T01302,M6G 2K8,Subscriber
224883,0h 19m 30s,8/18/2011 20:57,Temperance St / Yonge St,7019,8/18/2011 21:17,Metro Hall Plaza,7053,T01302,M5V3X1,Casual
225528,0h 8m 55s,8/19/2011 8:37,Metro Hall Plaza,7053,8/19/2011 8:46,Dockside Dr / Queens Quay E.,7068,T01302,M5V3E6,Casual
229643,0h 10m 6s,8/20/2011 20:59,Dockside Dr / Queens Quay E.,7068,8/20/2011 21:09,Bond St / Queen St E,7045,T01302,M6G 2Z2,Subscriber
231675,0h 11m 26s,8/22/2011 9:42,University Ave / King St W,7005,8/22/2011 9:53,Dockside Dr / Queens Quay E.,7068,T01302,M6G 2Z2,Subscriber
231846,0h 11m 37s,8/22/2011 11:52,Dockside Dr / Queens Quay E.,7068,8/22/2011 12:04,Jarvis St / Carleton St,7055,T01302,M5A0B9,Casual
232051,0h 4m 21s,8/22/2011 13:37,Jarvis St / Carleton St,7055,8/22/2011 13:42,Dundas / Yonge St.,7038,T01302,M5A0B9,Casual
232142,0h 11m 44s,8/22/2011 14:43,Dundas / Yonge St.,7038,8/22/2011 14:54,Jarvis St / Carleton St,7055,T01302,,Casual
233864,0h 10m 21s,8/23/2011 8:48,Jarvis St / Carleton St,7055,8/23/2011 8:59,University Ave / King St W,7005,T01302,M4Y3C1,Casual
235425,0h 5m 44s,8/23/2011 17:53,University Ave / King St W,7005,8/23/2011 17:59,King St W / Spadina Ave,7010,T01302,M5V 2A9,Casual
235478,0h 10m 40s,8/23/2011 18:05,King St W / Spadina Ave,7010,8/23/2011 18:16,Melinda St / Yonge St,7036,T01302,M5A4E8,Casual
235827,0h 3m 49s,8/23/2011 19:56,Melinda St / Yonge St,7036,8/23/2011 20:00,Lower Jarvis St / The Esplanade,7001,T01302,M5J 2YS,Casual
236590,0h 8m 28s,8/24/2011 8:49,Lower Jarvis St / The Esplanade,7001,8/24/2011 8:58,Metro Hall Plaza,7053,T01302,M5E1Y9,Casual
237389,0h 14m 37s,8/24/2011 16:39,Metro Hall Plaza,7053,8/24/2011 16:54,Bay St / Wellesley St W,7030,T01302,M5S3A6,Subscriber
237980,1h 2m 50s,8/24/2011 19:23,Bay St / Wellesley St W,7030,8/24/2011 20:26,King St E / Jarvis St,7009,T01302,,Casual
238347,0h 14m 34s,8/25/2011 7:39,King St E / Jarvis St,7009,8/25/2011 7:54,Augusta Ave / Dundas St W,7032,T01302,M5H4C9,Subscriber
239101,0h 14m 2s,8/25/2011 12:50,Augusta Ave / Dundas St W,7032,8/25/2011 13:04,Huron St / Harbord St ,7024,T01302,M5R2W8,Casual
239152,0h 8m 48s,8/25/2011 13:05,Huron St / Harbord St ,7024,8/25/2011 13:14,Elizabeth St / Edward St,7012,T01302,M5S 3L1,Casual
239413,0h 10m 1s,8/25/2011 15:25,Elizabeth St / Edward St,7012,8/25/2011 15:35,Huron St / Harbord St ,7024,T01302,M5S 3L1,Casual
239447,0h 34m 16s,8/25/2011 15:41,Huron St / Harbord St ,7024,8/25/2011 16:15,Queen St W / Spadina Ave,7069,T01302,,Casual
239761,0h 14m 19s,8/25/2011 17:15,Queen St W / Spadina Ave,7069,8/25/2011 17:30,Wellesley St E. / Yonge St,7051,T01302,,Casual
242920,0h 8m 51s,8/26/2011 20:34,St George St / Bloor St W,7002,8/26/2011 20:43,Queen St / Portland St,7049,T01302,M5R 2P5,Casual
243637,0h 6m 47s,8/27/2011 11:09,Queen St / Portland St,7049,8/27/2011 11:16,Augusta Ave / Dundas St W,7032,T01302,,Casual
243822,0h 19m 13s,8/27/2011 12:27,Augusta Ave / Dundas St W,7032,8/27/2011 12:46,Navy Wharf Ct. / Bremner Blvd.,7054,T01302,,Casual
243922,0h 0m 3s,8/27/2011 13:06,Navy Wharf Ct. / Bremner Blvd.,7054,8/27/2011 13:06,Navy Wharf Ct. / Bremner Blvd.,7054,T01302,M4Y1H5,Casual
243924,0h 5m 44s,8/27/2011 13:07,Navy Wharf Ct. / Bremner Blvd.,7054,8/27/2011 13:13,Edward St / Yonge St,7041,T01302,M4Y1H5,Casual
245248,0h 5m 57s,8/27/2011 20:00,Edward St / Yonge St,7041,8/27/2011 20:06,Gould St / Mutual St,7028,T01302,M5G2G4,Casual
249251,0h 5m 58s,8/29/2011 19:03,Gould St / Mutual St,7028,8/29/2011 19:09,Church St / Monteith St ,7058,T01302,M4Y 1B5,Casual
249312,0h 4m 39s,8/29/2011 19:24,Church St / Monteith St ,7058,8/29/2011 19:28,Sherbourne / Carlton (Allan Gardens),7014,T01302,M5S3K5,Subscriber
250179,0h 8m 54s,8/30/2011 9:44,Sherbourne / Carlton (Allan Gardens),7014,8/30/2011 9:53,Church St / Bloor St E,7034,T01302,M5B1Y6,Casual
251358,0h 11m 40s,8/30/2011 18:01,Church St / Bloor St E,7034,8/30/2011 18:13,University Ave / Elm St,7004,T01302,M5T 1K5,Casual
251427,0h 5m 19s,8/30/2011 18:19,University Ave / Elm St,7004,8/30/2011 18:24,Queen St W / Spadina Ave,7069,T01302,M5G0A3,Casual
251530,0h 8m 56s,8/30/2011 18:44,Queen St W / Spadina Ave,7069,8/30/2011 18:53,College St / Major St,7078,T01302,M9A 4C8,Casual
251665,0h 8m 2s,8/30/2011 19:35,College St / Major St,7078,8/30/2011 19:43,Jarvis St / Carleton St,7055,T01302,M4Y1C9,Casual
251846,0h 4m 7s,8/30/2011 21:35,Ted Rogers Way / Bloor St E,7025,8/30/2011 21:39,Bay St / Bloor St W,7029,T01302,M4W3Y2,Casual
251916,0h 3m 3s,8/30/2011 22:49,Bay St / Bloor St W,7029,8/30/2011 22:52,Ted Rogers Way / Bloor St E,7025,T01302,M4W3Y2,Casual
253465,0h 16m 44s,8/31/2011 17:03,Ted Rogers Way / Bloor St E,7025,8/31/2011 17:20,King St W / Spadina Ave,7010,T01302,M6J1G4,Casual
253851,0h 3m 43s,8/31/2011 18:32,King St W / Spadina Ave,7010,8/31/2011 18:36,Simcoe St / Wellington St W,7057,T01302,L1N8W,Casual
253891,0h 6m 52s,8/31/2011 18:45,Simcoe St / Wellington St W,7057,8/31/2011 18:52,King St W / Spadina Ave,7010,T01302,M4K3J1,Casual
254038,0h 5m 55s,8/31/2011 19:52,King St W / Spadina Ave,7010,8/31/2011 19:58,Princess Ave / Adelaide St,7060,T01302,M4K3J1,Casual
256167,0h 13m 27s,9/1/2011 20:49,Princess Ave / Adelaide St,7060,9/1/2011 21:03,College St / Major St,7078,T01302,,Casual
256288,0h 15m 44s,9/1/2011 22:17,College St / Major St,7078,9/1/2011 22:33,Sherbourne St / Wellesley St,7042,T01302,,Casual
256863,0h 14m 18s,9/2/2011 9:28,Granby St / Yonge St,7077,9/2/2011 9:43,King St W / Spadina Ave,7010,T01302,,Casual
257315,0h 7m 41s,9/2/2011 13:11,King St W / Spadina Ave,7010,9/2/2011 13:19,University Ave / King St W,7005,T01302,,Casual
260511,0h 6m 41s,9/4/2011 2:04,University Ave / King St W,7005,9/4/2011 2:11,Euclid Ave / Bloor St,7040,T01302,,Casual
261335,0h 9m 11s,9/4/2011 14:33,Euclid Ave / Bloor St,7040,9/4/2011 14:42,University Ave / King St W,7005,T01302,,Casual
264852,0h 19m 17s,9/6/2011 13:48,Princess Ave / Adelaide St,7060,9/6/2011 14:07,College St / Huron St,7007,T01302,,Casual
267593,0h 25m 5s,9/7/2011 17:04,College St / Huron St,7007,9/7/2011 17:29,Madison Ave / Bloor St W,7003,T01302,,Casual
267924,0h 17m 53s,9/7/2011 18:32,Madison Ave / Bloor St W,7003,9/7/2011 18:50,Wellesley St E. / Yonge St,7051,T01302,,Casual
268687,0h 6m 33s,9/8/2011 8:43,Wellesley St E. / Yonge St,7051,9/8/2011 8:50,University Ave / Elm St,7004,T01302,M4J 1Y2,Casual
269143,0h 8m 10s,9/8/2011 12:28,University Ave / Elm St,7004,9/8/2011 12:36,Queen St W / Spadina Ave,7069,T01302,L5C2N2,Casual
269738,0h 11m 48s,9/8/2011 17:00,Queen St W / Spadina Ave,7069,9/8/2011 17:12,Wellington St W / Bay St,7052,T01302,N1H3B1,Casual
270292,0h 7m 40s,9/8/2011 19:57,Wellington St W / Bay St,7052,9/8/2011 20:05,Bay St / College St,7006,T01302,M5G2R2,Casual
270369,0h 13m 15s,9/8/2011 20:43,Bay St / College St,7006,9/8/2011 20:57,York St / Queens Quay W,7076,T01302,,Casual
270891,0h 13m 21s,9/9/2011 8:16,York St / Queens Quay W,7076,9/9/2011 8:30,Church St / Alexander St,7044,T01302,M5J2Y2,Subscriber
271112,0h 13m 44s,9/9/2011 9:07,Church St / Alexander St,7044,9/9/2011 9:21,Bremner Blvd / Rees St,7018,T01302,M5A2K9,Casual
271264,0h 7m 54s,9/9/2011 10:24,Bremner Blvd / Rees St,7018,9/9/2011 10:32,Bathurst / Queens Quay (Island Airport),7071,T01302,M5J 3A2,Casual
271647,0h 4m 38s,9/9/2011 13:38,Bathurst / Queens Quay (Island Airport),7071,9/9/2011 13:43,Front St W / Blue Jays Way,7059,T01302,M5V3P1,Casual
271737,1h 41m 51s,9/9/2011 14:19,Front St W / Blue Jays Way,7059,9/9/2011 16:00,Ft. York / Capreol Crt.,7000,T01302,,Casual
271973,0h 13m 40s,9/9/2011 16:06,Ft. York / Capreol Crt.,7000,9/9/2011 16:19,Bremner / Spadina,7073,T01302,,Casual
272248,0h 17m 3s,9/9/2011 17:10,Bremner / Spadina,7073,9/9/2011 17:27,Gerrard St E / Church St,7079,T01302,M5B1B4,Casual
272659,0h 7m 48s,9/9/2011 18:58,Gerrard St E / Church St,7079,9/9/2011 19:06,Bay St / Albert St,7021,T01302,M5B2E8,Subscriber
272779,0h 8m 57s,9/9/2011 20:00,Bay St / Albert St,7021,9/9/2011 20:09,Gould St / Mutual St,7028,T01302,,Casual
273686,1h 51m 4s,9/10/2011 12:00,Gould St / Mutual St,7028,9/10/2011 13:51,Scott St / The Esplanade,7013,T01302,,Casual
274993,0h 15m 58s,9/10/2011 18:45,Scott St / The Esplanade,7013,9/10/2011 19:01,York St / Queens Quay W,7076,T01302,M5E1W5,Subscriber
275238,0h 15m 27s,9/10/2011 20:24,York St / Queens Quay W,7076,9/10/2011 20:39,Queen St W / Shaw St,7072,T01302,,Casual
280615,0h 14m 51s,9/13/2011 8:30,Spadina Ave / Sussex Ave,7074,9/13/2011 8:45,Edward St / Yonge St,7041,T01302,M5S 2L3,Subscriber
281113,0h 3m 47s,9/13/2011 11:47,Edward St / Yonge St,7041,9/13/2011 11:50,Euclid Ave / Bloor St,7040,T01302,M5P3G6,Casual
281227,0h 4m 14s,9/13/2011 12:39,Euclid Ave / Bloor St,7040,9/13/2011 12:43,Bay St / St Joseph St,7026,T01302,M4Y 2W4,Casual
281252,0h 7m 21s,9/13/2011 12:48,Bay St / St Joseph St,7026,9/13/2011 12:56,College St / Huron St,7007,T01302,M4Y1J1,Casual
281445,0h 3m 26s,9/13/2011 14:31,College St / Huron St,7007,9/13/2011 14:34,Huron St / Harbord St ,7024,T01302,M5J 2G2,Casual
281584,0h 10m 28s,9/13/2011 15:45,Huron St / Harbord St ,7024,9/13/2011 15:56,Queen St W / Spadina Ave,7069,T01302,M5S 3L1,Subscriber
281772,0h 3m 4s,9/13/2011 16:50,Queen St W / Spadina Ave,7069,9/13/2011 16:53,King St W / Spadina Ave,7010,T01302,M5V2A5,Casual
281882,0h 8m 14s,9/13/2011 17:12,King St W / Spadina Ave,7010,9/13/2011 17:20,Front/Yonge (Hockey Hall of Fame),7048,T01302,K9A2V6,Casual
283258,0h 9m 17s,9/14/2011 8:54,Front/Yonge (Hockey Hall of Fame),7048,9/14/2011 9:03,Gould St / Mutual St,7028,T01302,L5M4P9,Casual
283740,0h 11m 14s,9/14/2011 12:39,Gould St / Mutual St,7028,9/14/2011 12:50,Dundas St / Parliament St,7065,T01302,M5B2K5,Casual
284461,0h 8m 9s,9/14/2011 17:26,Dundas St / Parliament St,7065,9/14/2011 17:35,Bay St / College St,7006,T01302,,Casual
285069,0h 8m 40s,9/14/2011 23:04,Bay St / College St,7006,9/14/2011 23:13,Spadina Ave / Sussex Ave,7074,T01302,M5S2J3,Casual
285149,0h 5m 51s,9/15/2011 6:06,Spadina Ave / Sussex Ave,7074,9/15/2011 6:12,University Ave / College St,7062,T01302,M5S2K1,Casual
286437,0h 14m 38s,9/15/2011 16:24,Queens Quay W / Dan Leckie Way,7075,9/15/2011 16:38,Wellington St W / Bay St,7052,T01302,,Casual
286583,0h 5m 38s,9/15/2011 17:11,Wellington St W / Bay St,7052,9/15/2011 17:17,Front St W / Blue Jays Way,7059,T01302,M5V3R5,Subscriber
286768,0h 3m 35s,9/15/2011 17:58,Front St W / Blue Jays Way,7059,9/15/2011 18:01,Simcoe St / Wellington St W,7057,T01302,L6C3C8,Casual
292416,0h 8m 30s,9/18/2011 16:00,Front St W / Blue Jays Way,7059,9/18/2011 16:09,Bathurst / Queens Quay (Island Airport),7071,T01302,M4Y 1B5,Casual
295636,0h 25m 46s,9/20/2011 15:52,College St / Huron St,7007,9/20/2011 16:18,Elizabeth St / Edward St,7012,T01302,,Casual
296297,0h 15m 2s,9/20/2011 18:31,Elizabeth St / Edward St,7012,9/20/2011 18:46,St George St / Bloor St W,7002,T01302,M5R 2L9,Casual
296555,0h 8m 5s,9/20/2011 20:25,Willcocks St / St. George St,7066,9/20/2011 20:33,Augusta Ave / Dundas St W,7032,T01302,,Casual
296853,0h 21m 2s,9/21/2011 1:38,Augusta Ave / Dundas St W,7032,9/21/2011 1:59,Ferry Ramp / Queens Quay W,7016,T01302,,Casual
297793,0h 43m 48s,9/21/2011 12:48,Ferry Ramp / Queens Quay W,7016,9/21/2011 13:32,Dockside Dr / Queens Quay E.,7068,T01302,,Casual
298075,0h 9m 23s,9/21/2011 15:15,Dockside Dr / Queens Quay E.,7068,9/21/2011 15:24,Wellington St / Portland St,7011,T01302,,Casual
300380,0h 36m 3s,9/22/2011 18:00,Wellington St / Portland St,7011,9/22/2011 18:36,St George St / Bloor St W,7002,T01302,,Casual
300998,0h 16m 39s,9/22/2011 23:20,St George St / Bloor St W,7002,9/22/2011 23:37,Elizabeth St / Edward St,7012,T01302,,Casual
301023,0h 14m 38s,9/22/2011 23:45,Elizabeth St / Edward St,7012,9/23/2011 0:00,Queen St W / Spadina Ave,7069,T01302,,Casual
301120,0h 13m 11s,9/23/2011 2:57,Queen St W / Spadina Ave,7069,9/23/2011 3:10,Dundas / Yonge St.,7038,T01302,M5B1V8,Subscriber
302031,0h 6m 37s,9/23/2011 20:40,Dundas / Yonge St.,7038,9/23/2011 20:46,Lower Jarvis St / The Esplanade,7001,T01302,M5A 4C9,Casual
303320,0h 9m 51s,9/24/2011 16:38,Lower Jarvis St / The Esplanade,7001,9/24/2011 16:48,Bremner / Spadina,7073,T01302,M5A4H2,Casual
303466,0h 8m 57s,9/24/2011 17:29,Bremner / Spadina,7073,9/24/2011 17:38,Dockside Dr / Queens Quay E.,7068,T01302,M5A4H2,Casual
304986,0h 18m 20s,9/25/2011 14:56,Dockside Dr / Queens Quay E.,7068,9/25/2011 15:14,King St W / Spadina Ave,7010,T01302,,Casual
305805,0h 4m 0s,9/25/2011 22:10,Bremner Blvd / Rees St,7018,9/25/2011 22:14,25 York St,7070,T01302,,Casual
308676,0h 13m 44s,9/27/2011 9:33,Bay St / Wellesley St W,7030,9/27/2011 9:46,Queen St W / Spadina Ave,7069,T01302,M5V3P1,Subscriber
309108,0h 12m 42s,9/27/2011 13:34,Queen St W / Spadina Ave,7069,9/27/2011 13:47,Dundas / Yonge St.,7038,T01302,,Casual
309132,0h 18m 43s,9/27/2011 13:48,Dundas / Yonge St.,7038,9/27/2011 14:07,Bremner Blvd / Rees St,7018,T01302,,Casual
309296,0h 5m 43s,9/27/2011 15:25,Bremner Blvd / Rees St,7018,9/27/2011 15:30,Front St W / Blue Jays Way,7059,T01302,M5V3W6,Subscriber
310024,0h 5m 47s,9/27/2011 18:51,Front St W / Blue Jays Way,7059,9/27/2011 18:57,Wellington St W / Bay St,7052,T01302,M2K 2T3,Casual
310249,0h 4m 10s,9/27/2011 20:51,Wellington St W / Bay St,7052,9/27/2011 20:55,Front St W / Blue Jays Way,7059,T01302,M5V3R8,Casual
311117,0h 20m 42s,9/28/2011 11:23,Front St W / Blue Jays Way,7059,9/28/2011 11:43,York St / Queens Quay W,7076,T01302,,Casual
311164,0h 33m 31s,9/28/2011 11:50,York St / Queens Quay W,7076,9/28/2011 12:24,Sherbourne / Carlton (Allan Gardens),7014,T01302,,Casual
313197,0h 6m 3s,9/29/2011 14:47,Sherbourne / Carlton (Allan Gardens),7014,9/29/2011 14:53,Jarvis St / Carleton St,7055,T01302,M5A 2K1,Subscriber
313299,0h 4m 51s,9/29/2011 15:41,Jarvis St / Carleton St,7055,9/29/2011 15:46,Richmond St E / Jarvis St,7050,T01302,M4X 1L1,Subscriber
313636,0h 7m 50s,9/29/2011 17:27,Richmond St E / Jarvis St,7050,9/29/2011 17:35,Metro Hall Plaza,7053,T01302,M5V1J2,Casual
313681,0h 6m 51s,9/29/2011 17:38,Metro Hall Plaza,7053,9/29/2011 17:45,King St E / Jarvis St,7009,T01302,M5A 2S8,Casual
314837,0h 5m 12s,9/30/2011 9:51,Bremner / Spadina,7073,9/30/2011 9:56,University Ave / King St W,7005,T01302,L5E3K2,Casual
315328,0h 11m 46s,9/30/2011 14:28,University Ave / King St W,7005,9/30/2011 14:40,Queen St / Ossington Ave,7035,T01302,,Casual
315414,0h 6m 48s,9/30/2011 15:13,Queen St / Ossington Ave,7035,9/30/2011 15:20,Church St / Monteith St ,7058,T01302,,Casual
315778,0h 6m 9s,9/30/2011 17:22,Church St / Monteith St ,7058,9/30/2011 17:28,Bond St / Queen St E,7045,T01302,M5S3K5,Subscriber
316056,0h 12m 49s,9/30/2011 18:56,Bond St / Queen St E,7045,9/30/2011 19:09,College St / Borden St,7023,T01302,M5S 1J4,Casual
316383,0h 4m 10s,10/1/2011 9:36,College St / Borden St,7023,10/1/2011 9:40,Bay St / College St,7006,T01302,M5B2P9,Casual
316782,0h 5m 37s,10/1/2011 14:21,Bay St / College St,7006,10/1/2011 14:27,Queen St / Ossington Ave,7035,T01302,,Casual
317908,0h 15m 52s,10/2/2011 1:40,Queen St / Ossington Ave,7035,10/2/2011 1:56,Metro Hall Plaza,7053,T01302,M5R 1B5,Casual
318198,0h 4m 6s,10/2/2011 10:09,Metro Hall Plaza,7053,10/2/2011 10:13,Front/Yonge (Hockey Hall of Fame),7048,T01302,M5V3X4,Casual
318485,0h 5m 27s,10/2/2011 19:14,Front/Yonge (Hockey Hall of Fame),7048,10/2/2011 19:19,Lower Jarvis St / The Esplanade,7001,T01302,,Casual
318521,0h 10m 52s,10/2/2011 20:45,Lower Jarvis St / The Esplanade,7001,10/2/2011 20:56,Queens Quay W / Dan Leckie Way,7075,T01302,M5A 4P8,Casual
320009,0h 2m 42s,10/3/2011 22:38,Bay St / St Joseph St,7026,10/3/2011 22:41,Euclid Ave / Bloor St,7040,T01302,M1V 3R2,Subscriber
320747,0h 2m 52s,10/4/2011 12:11,Euclid Ave / Bloor St,7040,10/4/2011 12:14,Bay St / St Joseph St,7026,T01302,M1K3N7,Casual
320882,0h 5m 55s,10/4/2011 13:14,Bay St / St Joseph St,7026,10/4/2011 13:20,University Ave / College St,7062,T01302,M4Y 1A5,Casual
321292,0h 12m 37s,10/4/2011 16:37,University Ave / College St,7062,10/4/2011 16:50,Wellington St W / Bay St,7052,T01302,L4S 1B6,Casual
321363,0h 3m 43s,10/4/2011 17:00,Wellington St W / Bay St,7052,10/4/2011 17:04,Ferry Ramp / Queens Quay W,7016,T01302,M5J 2G2,Casual
323171,0h 20m 59s,10/5/2011 12:59,Ferry Ramp / Queens Quay W,7016,10/5/2011 13:20,Queen St W / Spadina Ave,7069,T01302,,Casual
323518,0h 17m 39s,10/5/2011 16:04,Queen St W / Spadina Ave,7069,10/5/2011 16:21,Gould St / Mutual St,7028,T01302,M5B 1L2,Casual
328137,0h 28m 6s,10/7/2011 14:04,Gould St / Mutual St,7028,10/7/2011 14:32,King St E / Jarvis St,7009,T01302,,Casual
328853,0h 7m 38s,10/7/2011 17:38,King St E / Jarvis St,7009,10/7/2011 17:45,Gould St / Mutual St,7028,T01302,,Casual
330176,0h 12m 23s,10/8/2011 13:52,Gould St / Mutual St,7028,10/8/2011 14:05,Ferry Ramp / Queens Quay W,7016,T01302,M5B 2J4,Casual
330343,0h 21m 55s,10/8/2011 14:53,Ferry Ramp / Queens Quay W,7016,10/8/2011 15:15,Trinity / Front (Distillery),7064,T01302,M6J1W6,Casual
330419,0h 31m 24s,10/8/2011 15:24,Trinity / Front (Distillery),7064,10/8/2011 15:55,Queen St W / Spadina Ave,7069,T01302,,Casual
331183,0h 9m 49s,10/8/2011 22:11,Queen St W / Spadina Ave,7069,10/8/2011 22:20,Metro Hall Plaza,7053,T01302,,Casual
338254,0h 7m 53s,10/13/2011 9:43,Front/Yonge (Hockey Hall of Fame),7048,10/13/2011 9:51,Widmer St / Adelaide St ,7017,T01302,,Casual
344729,0h 8m 11s,10/17/2011 16:48,Beverly  St / Dundas St W,7027,10/17/2011 16:56,Elizabeth St / Edward St,7012,T01302,N1E2K8,Subscriber
345301,0h 6m 10s,10/17/2011 21:00,University Ave / Gerrard St W,7047,10/17/2011 21:06,Bathurst / Queens Quay (Island Airport),7071,T01302,M5V2M9,Casual
345746,0h 10m 8s,10/18/2011 8:33,Bathurst / Queens Quay (Island Airport),7071,10/18/2011 8:43,Dundas St / Parliament St,7065,T01302,M5V3P1,Subscriber
346246,0h 8m 49s,10/18/2011 12:16,Dundas St / Parliament St,7065,10/18/2011 12:25,Bond St / Queen St E,7045,T01302,M5J2L4,Subscriber
346829,0h 3m 28s,10/18/2011 17:01,Bond St / Queen St E,7045,10/18/2011 17:05,Gould St / Mutual St,7028,T01302,M5B2B4,Casual
347727,0h 2m 31s,10/19/2011 7:02,Gould St / Mutual St,7028,10/19/2011 7:05,Sherbourne / Carlton (Allan Gardens),7014,T01302,M5B2B4,Casual
348172,0h 9m 42s,10/19/2011 9:39,Sherbourne / Carlton (Allan Gardens),7014,10/19/2011 9:49,Simcoe St / Wellington St W,7057,T01302,M5B 0A5,Casual
348345,0h 8m 42s,10/19/2011 11:59,Simcoe St / Wellington St W,7057,10/19/2011 12:07,Edward St / Yonge St,7041,T01302,M5A0B9,Casual
348783,0h 7m 5s,10/19/2011 17:44,Edward St / Yonge St,7041,10/19/2011 17:51,Bay St / St Joseph St,7026,T01302,M4Y 2W4,Casual
348837,0h 6m 43s,10/19/2011 18:46,Bay St / St Joseph St,7026,10/19/2011 18:53,Jarvis St / Carleton St,7055,T01302,M4Y 2W4,Casual
349235,0h 4m 6s,10/20/2011 9:29,Jarvis St / Carleton St,7055,10/20/2011 9:33,Bathurst St / Dundas St,7037,T01302,M4Y2G9,Casual
357265,0h 3m 7s,10/24/2011 21:34,Bremner Blvd / Rees St,7018,10/24/2011 21:37,25 York St,7070,T01302,M1P4Z3,Casual
357347,0h 4m 8s,10/24/2011 23:33,25 York St,7070,10/24/2011 23:37,Metro Hall Plaza,7053,T01302,M5E 1A1,Casual
358326,0h 5m 15s,10/25/2011 13:10,Metro Hall Plaza,7053,10/25/2011 13:15,Simcoe St / Dundas St W,7039,T01302,M5T 2Y9,Casual
358532,0h 8m 8s,10/25/2011 14:59,Simcoe St / Dundas St W,7039,10/25/2011 15:07,Spadina Ave / Sussex Ave,7074,T01302,M5S2J6,Casual
358914,0h 6m 9s,10/26/2011 5:40,Spadina Ave / Sussex Ave,7074,10/26/2011 5:46,Euclid Ave / Bloor St,7040,T01302,M5E 1R4,Casual
359166,0h 3m 44s,10/26/2011 8:54,Euclid Ave / Bloor St,7040,10/26/2011 8:58,Temperance St / Yonge St,7019,T01302,M5G2M4,Casual
359576,0h 5m 4s,10/26/2011 16:06,Temperance St / Yonge St,7019,10/26/2011 16:11,Euclid Ave / Bloor St,7040,T01302,M5G2M4,Casual
360494,0h 5m 17s,10/27/2011 9:00,Euclid Ave / Bloor St,7040,10/27/2011 9:06,Wellington St W / Bay St,7052,T01302,M5G2R2,Casual
361939,0h 6m 48s,10/27/2011 22:04,Queen St / Ossington Ave,7035,10/27/2011 22:11,Granby St / Yonge St,7077,T01302,M6G1Y8,Subscriber
362453,0h 2m 49s,10/28/2011 9:13,Granby St / Yonge St,7077,10/28/2011 9:16,Bay St / Wellesley St W,7030,T01302,M4E 2J9,Casual
363486,0h 3m 22s,10/28/2011 17:52,Bay St / Wellesley St W,7030,10/28/2011 17:55,Granby St / Yonge St,7077,T01302,M4E 2J9,Casual
363819,0h 16m 25s,10/28/2011 20:40,Granby St / Yonge St,7077,10/28/2011 20:56,King St W / Spadina Ave,7010,T01302,,Casual
363984,0h 14m 55s,10/29/2011 0:48,King St W / Spadina Ave,7010,10/29/2011 1:03,Princess Ave / Adelaide St,7060,T01302,,Casual
366670,0h 7m 31s,10/31/2011 8:50,Bay St / Wellesley St W,7030,10/31/2011 8:58,Simcoe St / Dundas St W,7039,T01302,M5V 3V9,Casual
367024,0h 3m 29s,10/31/2011 12:18,Simcoe St / Dundas St W,7039,10/31/2011 12:22,Edward St / Yonge St,7041,T01302,M5B2L2,Subscriber
367031,0h 1m 40s,10/31/2011 12:25,Edward St / Yonge St,7041,10/31/2011 12:26,Elizabeth St / Edward St,7012,T01302,M5B2L2,Subscriber
368459,0h 10m 10s,11/1/2011 8:14,Elizabeth St / Edward St,7012,11/1/2011 8:24,Bremner Blvd / Rees St,7018,T01302,M4Y 2W4,Casual
368693,0h 4m 28s,11/1/2011 9:06,Bremner Blvd / Rees St,7018,11/1/2011 9:10,Metro Hall Plaza,7053,T01302,M5J2N4,Casual
369888,0h 6m 54s,11/1/2011 18:21,Metro Hall Plaza,7053,11/1/2011 18:28,King St E / Jarvis St,7009,T01302,M5A 2S8,Casual
369913,0h 4m 48s,11/1/2011 18:29,King St E / Jarvis St,7009,11/1/2011 18:33,Temperance St / Yonge St,7019,T01302,M5V1C4,Casual
369984,0h 4m 43s,11/1/2011 18:48,Temperance St / Yonge St,7019,11/1/2011 18:53,Lower Jarvis St / The Esplanade,7001,T01302,M4X 1H5,Casual
370714,0h 8m 36s,11/2/2011 8:44,Lower Jarvis St / The Esplanade,7001,11/2/2011 8:52,Metro Hall Plaza,7053,T01302,M5E1Y9,Casual
371833,0h 13m 54s,11/2/2011 17:22,Metro Hall Plaza,7053,11/2/2011 17:36,Niagara St./Queen W. (Richmond),7046,T01302,M5B2P7,Casual
372664,0h 6m 2s,11/3/2011 7:25,Niagara St./Queen W. (Richmond),7046,11/3/2011 7:31,University Ave / Gerrard St W,7047,T01302,M5B2R9,Subscriber
372871,0h 2m 38s,11/3/2011 8:34,Bremner / Spadina,7073,11/3/2011 8:36,King St W / Spadina Ave,7010,T01302,M5V3Y4,Casual
372938,0h 5m 43s,11/3/2011 8:49,King St W / Spadina Ave,7010,11/3/2011 8:55,Bremner Blvd / Rees St,7018,T01302,M5V3P7,Casual
373623,0h 6m 8s,11/3/2011 15:14,Bremner Blvd / Rees St,7018,11/3/2011 15:20,25 York St,7070,T01302,M5V3W6,Subscriber
373703,0h 8m 2s,11/3/2011 15:56,25 York St,7070,11/3/2011 16:04,Front St W / Blue Jays Way,7059,T01302,M5V3W6,Subscriber
374810,0h 6m 18s,11/4/2011 8:16,Front St W / Blue Jays Way,7059,11/4/2011 8:22,Phoebe St / Spadina Ave,7020,T01302,M6G2Y7,Subscriber
375288,0h 7m 22s,11/4/2011 11:55,Phoebe St / Spadina Ave,7020,11/4/2011 12:02,Front/Yonge (Hockey Hall of Fame),7048,T01302,M5T 2C8,Casual
375382,0h 10m 39s,11/4/2011 12:42,Front/Yonge (Hockey Hall of Fame),7048,11/4/2011 12:53,King St W / Spadina Ave,7010,T01302,L1Z0A2,Casual
376270,0h 3m 18s,11/4/2011 19:11,King St W / Spadina Ave,7010,11/4/2011 19:14,Bremner / Spadina,7073,T01302,M5V 3M3,Casual
376857,0h 5m 10s,11/5/2011 11:21,Bremner / Spadina,7073,11/5/2011 11:26,Phoebe St / Spadina Ave,7020,T01302,M5V3A2,Casual
377858,0h 14m 59s,11/5/2011 23:24,Phoebe St / Spadina Ave,7020,11/5/2011 23:39,Edward St / Yonge St,7041,T01302,,Casual
378159,0h 2m 8s,11/6/2011 11:14,Edward St / Yonge St,7041,11/6/2011 11:17,Gould St / Mutual St,7028,T01302,N1R8C2,Casual
378242,0h 5m 22s,11/6/2011 12:03,Gould St / Mutual St,7028,11/6/2011 12:08,Edward St / Yonge St,7041,T01302,M5G2G4,Casual
378841,0h 8m 48s,11/6/2011 17:33,Edward St / Yonge St,7041,11/6/2011 17:42,Bay St / Bloor St W,7029,T01302,M5V 2W9,Subscriber
379791,0h 2m 41s,11/7/2011 11:33,Bay St / Bloor St W,7029,11/7/2011 11:36,Bay St / Wellesley St W,7030,T01302,M4Y 1K2,Casual
379926,0h 12m 17s,11/7/2011 12:56,Bay St / Wellesley St W,7030,11/7/2011 13:08,King St E / Jarvis St,7009,T01302,M5S3G2,Casual
380142,0h 7m 34s,11/7/2011 15:42,King St E / Jarvis St,7009,11/7/2011 15:49,Wellington St / Portland St,7011,T01302,M5H4C9,Subscriber
380395,0h 7m 57s,11/7/2011 17:09,Wellington St / Portland St,7011,11/7/2011 17:17,Dundas / Yonge St.,7038,T01302,M6G 2N2,Casual
380471,0h 15m 38s,11/7/2011 17:26,Dundas / Yonge St.,7038,11/7/2011 17:42,King St W / Spadina Ave,7010,T01302,M5E1A5,Subscriber
381997,0h 18m 36s,11/8/2011 15:13,Gerrard St E / Church St,7079,11/8/2011 15:32,Front St W / Blue Jays Way,7059,T01302,M5V 3X1,Casual
382152,0h 3m 56s,11/8/2011 16:28,Front St W / Blue Jays Way,7059,11/8/2011 16:32,Front/Yonge (Hockey Hall of Fame),7048,T01302,M3H3A4,Casual
383347,0h 7m 15s,11/9/2011 8:25,Front/Yonge (Hockey Hall of Fame),7048,11/9/2011 8:32,King St W / Spadina Ave,7010,T01302,K9A2V6,Casual
383501,0h 8m 57s,11/9/2011 8:53,King St W / Spadina Ave,7010,11/9/2011 9:02,King St E / Jarvis St,7009,T01302,M5V 3N9,Casual
383819,0h 6m 10s,11/9/2011 11:33,King St E / Jarvis St,7009,11/9/2011 11:40,Sherbourne / Carlton (Allan Gardens),7014,T01302,M5A4S4,Casual
385994,0h 12m 20s,11/10/2011 17:15,Sherbourne / Carlton (Allan Gardens),7014,11/10/2011 17:27,Front St W / Blue Jays Way,7059,T01302,L6C3B4,Casual
386793,0h 2m 35s,11/11/2011 7:52,Front St W / Blue Jays Way,7059,11/11/2011 7:54,Simcoe St / Wellington St W,7057,T01302,M5V3Z1,Casual
388982,0h 17m 41s,11/12/2011 15:05,Simcoe St / Wellington St W,7057,11/12/2011 15:22,Beverly  St / Dundas St W,7027,T01302,,Casual
389503,0h 21m 21s,11/12/2011 20:00,Beverly  St / Dundas St W,7027,11/12/2011 20:22,King St W / Spadina Ave,7010,T01302,,Casual
389733,0h 7m 12s,11/13/2011 0:53,King St W / Spadina Ave,7010,11/13/2011 1:00,Bremner Blvd / Rees St,7018,T01302,,Casual
390594,0h 2m 30s,11/13/2011 18:53,Bremner Blvd / Rees St,7018,11/13/2011 18:56,Bremner / Spadina,7073,T01302,M5X1X8,Casual
390703,0h 11m 24s,11/13/2011 22:06,Bremner / Spadina,7073,11/13/2011 22:17,Huron St / Harbord St ,7024,T01302,M5V3A6,Casual
390738,0h 16m 32s,11/13/2011 23:20,Huron St / Harbord St ,7024,11/13/2011 23:37,Queens Quay W / Dan Leckie Way,7075,T01302,M5V3A6,Casual
391355,0h 33m 41s,11/14/2011 10:35,Queens Quay W / Dan Leckie Way,7075,11/14/2011 11:08,York St / Queens Quay W,7076,T01302,,Casual
391673,0h 19m 40s,11/14/2011 14:12,York St / Queens Quay W,7076,11/14/2011 14:31,Sherbourne St / Wellesley St,7042,T01302,,Casual
401850,0h 15m 33s,11/21/2011 8:44,Sherbourne St / Wellesley St,7042,11/21/2011 8:59,Edward St / Yonge St,7041,T01302,M4M 2V1,Casual
405453,0h 17m 41s,11/23/2011 16:24,Edward St / Yonge St,7041,11/23/2011 16:41,Church St / Bloor St E,7034,T01302,M6P 3B2,Casual
405845,0h 8m 55s,11/23/2011 18:54,Church St / Bloor St E,7034,11/23/2011 19:03,Bathurst St / Dundas St,7037,T01302,M5A1S7,Casual
408429,0h 10m 51s,11/25/2011 9:39,Bathurst St / Dundas St,7037,11/25/2011 9:50,25 York St,7070,T01302,,Casual
409488,0h 5m 31s,11/25/2011 18:36,25 York St,7070,11/25/2011 18:42,Bremner / Spadina,7073,T01302,M5V 3Y9,Casual
409542,0h 7m 29s,11/25/2011 19:04,Bremner / Spadina,7073,11/25/2011 19:12,Queen St W / Spadina Ave,7069,T01302,M5V 3Z5,Casual
409598,0h 5m 40s,11/25/2011 19:40,Queen St W / Spadina Ave,7069,11/25/2011 19:46,Bremner / Spadina,7073,T01302,M5V 3Z5,Casual
409748,0h 1m 44s,11/25/2011 22:27,Bremner / Spadina,7073,11/25/2011 22:28,Bremner Blvd / Rees St,7018,T01302,M4E1C9,Casual
410738,0h 3m 18s,11/26/2011 17:51,Bremner Blvd / Rees St,7018,11/26/2011 17:54,25 York St,7070,T01302,M5V3V2,Casual
411619,0h 6m 32s,11/27/2011 21:48,25 York St,7070,11/27/2011 21:55,Bremner / Spadina,7073,T01302,M5V3Y3,Casual
411748,0h 3m 28s,11/28/2011 7:49,Bremner / Spadina,7073,11/28/2011 7:53,Widmer St / Adelaide St ,7017,T01302,M5V3Y6,Casual
413288,0h 11m 54s,11/29/2011 0:03,Widmer St / Adelaide St ,7017,11/29/2011 0:15,Church St / Alexander St,7044,T01302,M5B 1J1,Casual
413510,0h 11m 7s,11/29/2011 16:35,Church St / Alexander St,7044,11/29/2011 16:46,Widmer St / Adelaide St ,7017,T01302,M5B 1J1,Casual
413543,0h 8m 52s,11/29/2011 16:56,Widmer St / Adelaide St ,7017,11/29/2011 17:05,25 York St,7070,T01302,L4G6W8,Casual
413605,0h 4m 35s,11/29/2011 17:29,25 York St,7070,11/29/2011 17:34,Lower Jarvis St / The Esplanade,7001,T01302,M5A4H2,Casual
422844,0h 20m 31s,12/8/2011 7:33,Granby St / Yonge St,7077,12/8/2011 7:54,Simcoe St / Wellington St W,7057,T01302,M6G1Y8,Subscriber
424147,0h 26m 47s,12/8/2011 23:16,St George St / Bloor St W,7002,12/8/2011 23:43,Bond St / Queen St E,7045,T01302,,Casual
425840,0h 4m 27s,12/10/2011 14:52,Ted Rogers Way / Bloor St E,7025,12/10/2011 14:57,Church St / Alexander St,7044,T01302,M4W 3Y3,Casual
426247,0h 5m 35s,12/11/2011 10:01,Church St / Alexander St,7044,12/11/2011 10:07,Dundas / Yonge St.,7038,T01302,M4Y 2G6,Casual
426258,1h 46m 20s,12/11/2011 10:29,Dundas / Yonge St.,7038,12/11/2011 12:16,Dundas / Yonge St.,7038,T01302,,Casual
426635,0h 7m 38s,12/11/2011 18:35,Dundas / Yonge St.,7038,12/11/2011 18:43,Church St / Alexander St,7044,T01302,M4Y 2G6,Casual
426781,0h 3m 44s,12/12/2011 1:50,Church St / Alexander St,7044,12/12/2011 1:54,Sherbourne / Carlton (Allan Gardens),7014,T01302,M2N1W3,Casual
426873,0h 8m 48s,12/12/2011 7:55,Sherbourne / Carlton (Allan Gardens),7014,12/12/2011 8:04,Temperance St / Yonge St,7019,T01302,M4X1K5,Casual
428038,0h 10m 38s,12/12/2011 20:49,Temperance St / Yonge St,7019,12/12/2011 20:59,Trinity / Front (Distillery),7064,T01302,M5A3R3,Casual
442912,0h 11m 7s,1/2/2012 12:10,Bloor St / Brunswick Ave,7061,1/2/2012 12:21,Bathurst St / Dundas St,7037,T01302,M5R2W3,Subscriber
443861,0h 7m 20s,1/4/2012 7:32,Queen St / Portland St,7049,1/4/2012 7:40,Bond St / Queen St E,7045,T01302,M6P 3C5,Subscriber
444665,0h 2m 20s,1/4/2012 21:18,Bond St / Queen St E,7045,1/4/2012 21:20,Dundas / Yonge St.,7038,T01302,M6P 3C5,Subscriber
445064,1h 18m 38s,1/5/2012 11:29,Dundas / Yonge St.,7038,1/5/2012 12:48,Dundas / Yonge St.,7038,T01302,,Casual
445353,0h 6m 44s,1/5/2012 16:51,Dundas / Yonge St.,7038,1/5/2012 16:58,Jarvis St / Carleton St,7055,T01302,M5B 1L2,Subscriber
445868,0h 2m 25s,1/6/2012 8:12,Jarvis St / Carleton St,7055,1/6/2012 8:15,Gould St / Mutual St,7028,T01302,M5B 1L2,Subscriber
446149,0h 10m 54s,1/6/2012 11:28,Gould St / Mutual St,7028,1/6/2012 11:39,Queen St W / Spadina Ave,7069,T01302,M5B2P7,Subscriber
446223,0h 9m 40s,1/6/2012 12:47,Queen St W / Spadina Ave,7069,1/6/2012 12:57,Niagara St./Queen W. (Richmond),7046,T01302,M5B2P7,Subscriber
446488,0h 3m 57s,1/6/2012 16:23,Niagara St./Queen W. (Richmond),7046,1/6/2012 16:27,Sherbourne / Carlton (Allan Gardens),7014,T01302,M5P2E6,Subscriber
446599,0h 17m 59s,1/6/2012 17:13,Sherbourne / Carlton (Allan Gardens),7014,1/6/2012 17:31,Madison Ave / Bloor St W,7003,T01302,M5V1C4,Subscriber
446982,0h 4m 25s,1/6/2012 23:29,Madison Ave / Bloor St W,7003,1/6/2012 23:33,Euclid Ave / Bloor St,7040,T01302,M5S 3G8,Subscriber
447206,0h 1m 54s,1/7/2012 12:14,Euclid Ave / Bloor St,7040,1/7/2012 12:16,Queen St / Ossington Ave,7035,T01302,M6G 1P6,Subscriber
447234,0h 13m 58s,1/7/2012 12:41,Queen St / Ossington Ave,7035,1/7/2012 12:55,Bay St / Albert St,7021,T01302,M6G2P5,Subscriber
447299,0h 7m 54s,1/7/2012 13:36,Bay St / Albert St,7021,1/7/2012 13:44,Lower Simcoe St / Lakeshore Blvd W,7043,T01302,M5C3C5,Subscriber
447389,0h 7m 22s,1/7/2012 14:56,Lower Simcoe St / Lakeshore Blvd W,7043,1/7/2012 15:04,Dockside Dr / Queens Quay E.,7068,T01302,M5J2X1,Subscriber
447513,0h 10m 59s,1/7/2012 16:35,Dockside Dr / Queens Quay E.,7068,1/7/2012 16:46,Lower Simcoe St / Lakeshore Blvd W,7043,T01302,M5J2X1,Subscriber
452389,0h 10m 43s,1/11/2012 18:45,Simcoe St / Dundas St W,7039,1/11/2012 18:55,York St / Queens Quay W,7076,T01302,M5J2S2,Subscriber
452410,0h 6m 12s,1/11/2012 18:59,York St / Queens Quay W,7076,1/11/2012 19:05,Scott St / The Esplanade,7013,T01302,M5J 2Y5,Subscriber
460411,0h 13m 19s,1/23/2012 18:51,Edward St / Yonge St,7041,1/23/2012 19:04,Bloor St / Brunswick Ave,7061,T01302,M5G2L5,Subscriber
461903,0h 13m 24s,1/25/2012 8:16,Bloor St / Brunswick Ave,7061,1/25/2012 8:30,University Ave / King St W,7005,T01302,M6G 2Z3,Subscriber
462110,0h 8m 12s,1/25/2012 9:38,University Ave / King St W,7005,1/25/2012 9:46,Tech Terminal,7033,T01302,M5A1K5,Subscriber
462871,0h 5m 7s,1/25/2012 19:23,Tech Terminal,7033,1/25/2012 19:28,Dundas St / Parliament St,7065,T01302,M5A0B3,Subscriber
463169,0h 4m 55s,1/26/2012 8:15,Dundas St / Parliament St,7065,1/26/2012 8:20,Tech Terminal,7033,T01302,M5A0B3,Subscriber
463249,0h 9m 12s,1/26/2012 8:52,Tech Terminal,7033,1/26/2012 9:01,University Ave / King St W,7005,T01302,M5A 4S9,Subscriber
463945,0h 12m 2s,1/26/2012 19:41,University Ave / King St W,7005,1/26/2012 19:53,Ferry Ramp / Queens Quay W,7016,T01302,M5J 2A2,Subscriber
464939,0h 5m 45s,1/28/2012 9:03,Ferry Ramp / Queens Quay W,7016,1/28/2012 9:08,Ft. York / Capreol Crt.,7000,T01302,M5J2R9,Subscriber
464952,0h 6m 57s,1/28/2012 9:35,Ft. York / Capreol Crt.,7000,1/28/2012 9:42,Ferry Ramp / Queens Quay W,7016,T01302,M5J2R9,Subscriber
465453,0h 7m 1s,1/29/2012 13:36,Ferry Ramp / Queens Quay W,7016,1/29/2012 13:43,University Ave / King St W,7005,T01302,M5J2R9,Subscriber
465652,0h 6m 52s,1/29/2012 18:33,University Ave / King St W,7005,1/29/2012 18:39,Ferry Ramp / Queens Quay W,7016,T01302,M5J2R9,Subscriber
465844,0h 2m 9s,1/30/2012 8:23,Ferry Ramp / Queens Quay W,7016,1/30/2012 8:26,York St / Queens Quay W,7076,T01302,M5J2R9,Subscriber
468154,0h 7m 49s,2/1/2012 11:33,Sherbourne St / Wellesley St,7042,2/1/2012 11:41,Queens Park / Bloor St W,7063,T01302,L6H 3T2,Subscriber
468293,0h 18m 42s,2/1/2012 13:48,Queens Park / Bloor St W,7063,2/1/2012 14:07,Melinda St / Yonge St,7036,T01302,M5R-2K2,Subscriber
468453,0h 8m 55s,2/1/2012 16:14,Melinda St / Yonge St,7036,2/1/2012 16:23,Queens Quay W / Dan Leckie Way,7075,T01302,M4Y1B6,Subscriber
469691,0h 3m 11s,2/2/2012 14:38,Queens Quay W / Dan Leckie Way,7075,2/2/2012 14:41,Lower Simcoe St / Lakeshore Blvd W,7043,T01302,M5J2Y6,Subscriber
470305,0h 6m 33s,2/2/2012 21:21,Lower Simcoe St / Lakeshore Blvd W,7043,2/2/2012 21:28,Dockside Dr / Queens Quay E.,7068,T01302,M5R2W8,Subscriber
474030,0h 27m 10s,2/6/2012 17:40,Dockside Dr / Queens Quay E.,7068,2/6/2012 18:07,Willcocks St / St. George St,7066,T01302,M2N6K6,Subscriber
474335,0h 17m 58s,2/6/2012 21:07,Willcocks St / St. George St,7066,2/6/2012 21:25,Dundas / Yonge St.,7038,T01302,M5B2R3,Subscriber
475542,0h 5m 36s,2/7/2012 18:56,Dundas / Yonge St.,7038,2/7/2012 19:01,Wellington St W / Bay St,7052,T01302,L6H 4C4,Subscriber
475572,0h 11m 27s,2/7/2012 19:17,Wellington St W / Bay St,7052,2/7/2012 19:29,Bathurst / Queens Quay (Island Airport),7071,T01302,M5V 3P4,Subscriber
476534,0h 11m 51s,2/8/2012 15:53,Bathurst / Queens Quay (Island Airport),7071,2/8/2012 16:05,Queen St W / Spadina Ave,7069,T01302,M5V3B9,Subscriber
476966,0h 9m 8s,2/8/2012 19:05,Queen St W / Spadina Ave,7069,2/8/2012 19:14,College St / Major St,7078,T01302,M6P 3X2,Subscriber
477958,0h 23m 54s,2/9/2012 16:27,College St / Major St,7078,2/9/2012 16:51,Queen St / Portland St,7049,T01302,M6G3J5,Subscriber
478080,0h 9m 35s,2/9/2012 17:21,Queen St / Portland St,7049,2/9/2012 17:31,St George St / Bloor St W,7002,T01302,M2N 6N3,Subscriber
478347,0h 7m 45s,2/9/2012 20:09,St George St / Bloor St W,7002,2/9/2012 20:17,St George St / Bloor St W,7002,T01302,M5R 2L9,Subscriber
478661,0h 11m 7s,2/10/2012 8:29,St George St / Bloor St W,7002,2/10/2012 8:40,Edward St / Yonge St,7041,T01302,M4M 2V1,Subscriber
479239,0h 6m 15s,2/10/2012 16:22,Edward St / Yonge St,7041,2/10/2012 16:29,University Ave / King St W,7005,T01302,M4X 1L1,Subscriber
480567,0h 5m 26s,2/13/2012 13:20,Bay St / Bloor St W,7029,2/13/2012 13:25,St George St / Bloor St W,7002,T01302,M6J,Subscriber
480613,0h 31m 19s,2/13/2012 14:27,St George St / Bloor St W,7002,2/13/2012 14:58,College St / Huron St,7007,T01302,M5R 2L9,Subscriber
480766,0h 10m 0s,2/13/2012 16:57,College St / Huron St,7007,2/13/2012 17:07,King St W / Spadina Ave,7010,T01302,M5J2X1,Subscriber
485653,0h 13m 49s,2/17/2012 17:15,King St W / Spadina Ave,7010,2/17/2012 17:29,King St E / Jarvis St,7009,T01302,M4L2X7,Subscriber
487203,0h 14m 52s,2/20/2012 13:03,Augusta Ave / Dundas St W,7032,2/20/2012 13:18,Richmond St E / Jarvis St,7050,T01302,M5T 1J2,Subscriber
487677,0h 11m 33s,2/21/2012 6:15,Richmond St E / Jarvis St,7050,2/21/2012 6:27,University Ave / Gerrard St W,7047,T01302,M5C2V3,Subscriber
487891,0h 4m 57s,2/21/2012 8:46,Bremner / Spadina,7073,2/21/2012 8:51,25 York St,7070,T01302,M5V 3Y9,Subscriber
488195,0h 4m 54s,2/21/2012 13:16,25 York St,7070,2/21/2012 13:21,Bremner Blvd / Rees St,7018,T01302,M1P4Z3,Subscriber
488633,0h 3m 26s,2/21/2012 22:02,Bremner Blvd / Rees St,7018,2/21/2012 22:06,25 York St,7070,T01302,M1P4Z3,Subscriber
488765,0h 22m 35s,2/22/2012 7:49,25 York St,7070,2/22/2012 8:11,Queens Park / Bloor St W,7063,T01302,L6L3Y4,Subscriber
492041,0h 5m 5s,2/25/2012 14:13,Bay St / St Joseph St,7026,2/25/2012 14:18,Elizabeth St / Edward St,7012,T01302,M5S 3A3,Subscriber
492327,0h 5m 47s,2/25/2012 21:43,Elizabeth St / Edward St,7012,2/25/2012 21:48,University Ave / King St W,7005,T01302,M4Y0A4,Subscriber
492340,0h 10m 43s,2/25/2012 22:31,University Ave / King St W,7005,2/25/2012 22:42,Wellesley St E. / Yonge St,7051,T01302,M4L 2X5,Subscriber
493195,0h 5m 38s,2/27/2012 9:05,Wellesley St E. / Yonge St,7051,2/27/2012 9:11,Gould St / Mutual St,7028,T01302,M5B 2P7,Subscriber
503133,0h 8m 37s,3/7/2012 11:33,St George St / Bloor St W,7002,3/7/2012 11:41,Widmer St / Adelaide St ,7017,T01302,M5R1E1,Subscriber
504215,0h 7m 57s,3/7/2012 21:15,Widmer St / Adelaide St ,7017,3/7/2012 21:23,Melinda St / Yonge St,7036,T01302,M4R 1J5,Subscriber
504341,0h 1m 57s,3/7/2012 23:59,Melinda St / Yonge St,7036,3/8/2012 0:01,Front/Yonge (Hockey Hall of Fame),7048,T01302,L7R2S7,Subscriber
505164,0h 9m 15s,3/8/2012 18:20,Front/Yonge (Hockey Hall of Fame),7048,3/8/2012 18:29,Tech Terminal,7033,T01302,M5A2V2,Subscriber
508604,0h 4m 48s,3/12/2012 6:33,Tech Terminal,7033,3/12/2012 6:37,Front/Yonge (Hockey Hall of Fame),7048,T01302,M5A2V2,Subscriber
513642,0h 1m 22s,3/14/2012 22:36,Front/Yonge (Hockey Hall of Fame),7048,3/14/2012 22:37,Scott St / The Esplanade,7013,T01302,M4N3C6,Subscriber
513650,0h 9m 31s,3/14/2012 22:43,Scott St / The Esplanade,7013,3/14/2012 22:53,Queen St W / Spadina Ave,7069,T01302,M5E1A5,Subscriber
515333,0h 3m 5s,3/16/2012 0:12,Bay St / Wellesley St W,7030,3/16/2012 0:15,Navy Wharf Ct. / Bremner Blvd.,7054,T01302,M4Y1H5,Subscriber
515667,0h 8m 23s,3/16/2012 8:55,Navy Wharf Ct. / Bremner Blvd.,7054,3/16/2012 9:03,Princess Ave / Adelaide St,7060,T01302,M4Y 1J1,Subscriber
516648,0h 8m 45s,3/16/2012 16:35,Princess Ave / Adelaide St,7060,3/16/2012 16:44,Bay St / St Joseph St,7026,T01302,M4Y1L2,Subscriber
516708,0h 8m 50s,3/16/2012 16:54,Bay St / St Joseph St,7026,3/16/2012 17:03,Bloor St / Brunswick Ave,7061,T01302,M4Y 1K1,Subscriber
517395,0h 9m 2s,3/16/2012 21:26,Bloor St / Brunswick Ave,7061,3/16/2012 21:35,Wellesley St E. / Yonge St,7051,T01302,M5S 2L5,Subscriber
517619,0h 9m 48s,3/17/2012 1:16,Wellesley St E. / Yonge St,7051,3/17/2012 1:25,Bloor St / Brunswick Ave,7061,T01302,M5S 2L5,Subscriber
517981,0h 3m 6s,3/17/2012 13:27,Bloor St / Brunswick Ave,7061,3/17/2012 13:30,St George St / Bloor St W,7002,T01302,M5S2M5,Subscriber
518822,0h 20m 26s,3/18/2012 0:56,St George St / Bloor St W,7002,3/18/2012 1:17,Bay St / College St,7006,T01302,M5G2R2,Subscriber
519218,0h 12m 38s,3/18/2012 13:07,Bay St / College St,7006,3/18/2012 13:20,College St / Borden St,7023,T01302,,Casual
519256,0h 57m 4s,3/18/2012 13:27,College St / Borden St,7023,3/18/2012 14:24,Beverly  St / Dundas St W,7027,T01302,M5R3S1,Subscriber
519598,0h 11m 30s,3/18/2012 15:20,Beverly  St / Dundas St W,7027,3/18/2012 15:32,Princess Ave / Adelaide St,7060,T01302,M5R 1G6,Subscriber
523331,0h 8m 20s,3/20/2012 12:28,Princess Ave / Adelaide St,7060,3/20/2012 12:36,Wellington St / Portland St,7011,T01302,L7L5G3,Subscriber
523972,0h 4m 30s,3/20/2012 17:08,Wellington St / Portland St,7011,3/20/2012 17:12,Bremner / Spadina,7073,T01302,M5V3Y4,Subscriber
524502,0h 2m 36s,3/20/2012 19:18,Bremner / Spadina,7073,3/20/2012 19:21,Bremner Blvd / Rees St,7018,T01302,L5E3K2,Subscriber
524633,0h 26m 59s,3/20/2012 20:18,Bremner Blvd / Rees St,7018,3/20/2012 20:45,Wellesley St E. / Yonge St,7051,T01302,,Casual
524670,0h 4m 23s,3/20/2012 20:46,Wellesley St E. / Yonge St,7051,3/20/2012 20:50,Gould St / Mutual St,7028,T01302,M5A2N1,Subscriber
526425,0h 6m 43s,3/21/2012 16:39,Gould St / Mutual St,7028,3/21/2012 16:46,Temperance St / Yonge St,7019,T01302,L6X 5B7,Subscriber
526565,0h 8m 50s,3/21/2012 17:10,Temperance St / Yonge St,7019,3/21/2012 17:18,Queen St / Portland St,7049,T01302,M5T 1B7,Subscriber
526953,0h 10m 36s,3/21/2012 18:31,Queen St / Portland St,7049,3/21/2012 18:41,Simcoe St / Dundas St W,7039,T01302,,Casual
527109,0h 7m 8s,3/21/2012 19:14,Simcoe St / Dundas St W,7039,3/21/2012 19:22,Queen St / Portland St,7049,T01302,M6J 1A2,Subscriber
527533,0h 34m 6s,3/22/2012 0:21,Queen St / Portland St,7049,3/22/2012 0:55,Ft. York / Capreol Crt.,7000,T01302,,Casual
528228,2h 20m 27s,3/22/2012 10:39,Ft. York / Capreol Crt.,7000,3/22/2012 12:59,Ft. York / Capreol Crt.,7000,T01302,,Casual
532357,0h 7m 17s,3/23/2012 23:49,Ft. York / Capreol Crt.,7000,3/23/2012 23:56,Gould St / Mutual St,7028,T01302,M5B2B4,Subscriber
532911,0h 50m 35s,3/24/2012 14:15,Gould St / Mutual St,7028,3/24/2012 15:05,Queen St / Portland St,7049,T01302,,Casual
533064,0h 12m 34s,3/24/2012 16:14,Queen St / Portland St,7049,3/24/2012 16:27,Bloor St / Brunswick Ave,7061,T01302,M5R2W8,Subscriber
533380,0h 11m 56s,3/25/2012 3:25,Bloor St / Brunswick Ave,7061,3/25/2012 3:37,Bathurst / Queens Quay (Island Airport),7071,T01302,M5V 3W5,Subscriber
535699,0h 28m 22s,3/26/2012 16:02,Bathurst / Queens Quay (Island Airport),7071,3/26/2012 16:31,Euclid Ave / Bloor St,7040,T01302,M6P 3X2,Subscriber
535880,0h 11m 2s,3/26/2012 17:14,Euclid Ave / Bloor St,7040,3/26/2012 17:25,Phoebe St / Spadina Ave,7020,T01302,M4Y1N3,Subscriber
535929,0h 8m 22s,3/26/2012 17:31,Phoebe St / Spadina Ave,7020,3/26/2012 17:39,Dundas / Yonge St.,7038,T01302,M4Y1N3,Subscriber
536195,0h 6m 56s,3/26/2012 19:50,Dundas / Yonge St.,7038,3/26/2012 19:57,Wellesley St E. / Yonge St,7051,T01302,M4V2B8,Subscriber
536241,0h 16m 17s,3/26/2012 20:43,Wellesley St E. / Yonge St,7051,3/26/2012 21:00,King St W / Spadina Ave,7010,T01302,M5V3T9,Subscriber
537694,0h 9m 34s,3/27/2012 20:40,King St W / Spadina Ave,7010,3/27/2012 20:49,Yonge St. / Lakeshore Ave. E.,7067,T01302,M5E 1Z9,Subscriber
538269,0h 25m 16s,3/28/2012 9:07,Yonge St. / Lakeshore Ave. E.,7067,3/28/2012 9:33,University Ave / College St,7062,T01302,M5S2H8,Subscriber
538773,0h 8m 54s,3/28/2012 14:22,University Ave / College St,7062,3/28/2012 14:31,Madison Ave / Bloor St W,7003,T01302,N1L1N2,Subscriber
538840,0h 8m 40s,3/28/2012 15:05,Madison Ave / Bloor St W,7003,3/28/2012 15:13,University Ave / College St,7062,T01302,N1L1N2,Subscriber
538901,0h 5m 2s,3/28/2012 15:41,University Ave / College St,7062,3/28/2012 15:46,Bay St / St Joseph St,7026,T01302,M4Y 2W4,Subscriber
538935,0h 6m 36s,3/28/2012 16:03,Bay St / St Joseph St,7026,3/28/2012 16:10,St George St / Bloor St W,7002,T01302,M4Y1A5,Subscriber
539135,0h 17m 12s,3/28/2012 17:09,St George St / Bloor St W,7002,3/28/2012 17:26,College St / Huron St,7007,T01302,M4J3M5,Subscriber
539322,0h 12m 8s,3/28/2012 17:59,College St / Huron St,7007,3/28/2012 18:11,Dundas St / Parliament St,7065,T01302,M5A3N9,Subscriber
544301,0h 5m 21s,4/1/2012 14:37,Bay St / College St,7006,4/1/2012 14:43,Willcocks St / St. George St,7066,T01302,M5G2M4,Subscriber
544479,0h 5m 41s,4/1/2012 19:12,Willcocks St / St. George St,7066,4/1/2012 19:17,Widmer St / Adelaide St ,7017,T01302,M5V3V2,Subscriber
544540,0h 10m 7s,4/1/2012 20:47,Widmer St / Adelaide St ,7017,4/1/2012 20:57,Gould St / Mutual St,7028,T01302,M5B2L2,Subscriber
544708,0h 5m 33s,4/2/2012 7:51,Gould St / Mutual St,7028,4/2/2012 7:57,Bay St / Albert St,7021,T01302,M5B2L2,Subscriber
546002,0h 3m 44s,4/2/2012 17:40,Bay St / Albert St,7021,4/2/2012 17:43,Melinda St / Yonge St,7036,T01302,M5A 4R2,Subscriber
546192,0h 8m 28s,4/2/2012 18:28,Melinda St / Yonge St,7036,4/2/2012 18:37,Jarvis St / Carleton St,7055,T01302,ON,Subscriber
548730,0h 7m 17s,4/4/2012 6:12,Jarvis St / Carleton St,7055,4/4/2012 6:20,Melinda St / Yonge St,7036,T01302,ON,Subscriber
548832,0h 5m 43s,4/4/2012 7:48,Melinda St / Yonge St,7036,4/4/2012 7:54,Tech Terminal,7033,T01302,M6B2N4,Subscriber
549065,0h 11m 33s,4/4/2012 8:49,Tech Terminal,7033,4/4/2012 9:00,Ted Rogers Way / Bloor St E,7025,T01302,M5A4T4,Subscriber
552863,0h 10m 50s,4/5/2012 22:03,Ted Rogers Way / Bloor St E,7025,4/5/2012 22:14,Richmond St E / Jarvis St,7050,T01302,L1W2Z4,Subscriber
553055,0h 13m 18s,4/6/2012 8:33,Richmond St E / Jarvis St,7050,4/6/2012 8:47,Ted Rogers Way / Bloor St E,7025,T01302,L1W2Z4,Subscriber
554910,0h 20m 21s,4/7/2012 13:16,Ted Rogers Way / Bloor St E,7025,4/7/2012 13:36,King St W / Spadina Ave,7010,T01302,M5V 1B2,Subscriber
555058,0h 33m 36s,4/7/2012 14:08,King St W / Spadina Ave,7010,4/7/2012 14:41,Bathurst / Queens Quay (Island Airport),7071,T01302,,Casual
555617,0h 19m 5s,4/7/2012 16:59,Bathurst / Queens Quay (Island Airport),7071,4/7/2012 17:18,Lower Simcoe St / Lakeshore Blvd W,7043,T01302,M5H4C9,Subscriber
557647,0h 14m 25s,4/8/2012 22:45,University Ave / Elm St,7004,4/8/2012 23:00,Bay St / St Joseph St,7026,T01302,M5T1Y7,Subscriber
558102,0h 10m 37s,4/9/2012 10:15,Bay St / St Joseph St,7026,4/9/2012 10:26,Temperance St / Yonge St,7019,T01302,,Casual
559109,0h 11m 24s,4/9/2012 18:29,Temperance St / Yonge St,7019,4/9/2012 18:41,Bremner / Spadina,7073,T01302,M5V 3S2,Subscriber
559547,0h 5m 44s,4/10/2012 7:16,Bremner / Spadina,7073,4/10/2012 7:22,Wellington St W / Bay St,7052,T01302,M5V3V9,Subscriber
559550,0h 12m 46s,4/10/2012 7:23,Wellington St W / Bay St,7052,4/10/2012 7:36,Willcocks St / St. George St,7066,T01302,L7N2X2,Subscriber
561127,0h 6m 34s,4/10/2012 23:10,Willcocks St / St. George St,7066,4/10/2012 23:17,Navy Wharf Ct. / Bremner Blvd.,7054,T01302,,Casual
561554,0h 8m 56s,4/11/2012 8:56,Navy Wharf Ct. / Bremner Blvd.,7054,4/11/2012 9:05,College St / Huron St,7007,T01302,,Casual
561717,0h 6m 11s,4/11/2012 10:04,College St / Huron St,7007,4/11/2012 10:10,Church St / Monteith St ,7058,T01302,M5T2B3,Subscriber
561790,0h 25m 12s,4/11/2012 11:14,Church St / Monteith St ,7058,4/11/2012 11:39,College St / Borden St,7023,T01302,M4M2C8,Subscriber
561823,0h 22m 19s,4/11/2012 11:45,College St / Borden St,7023,4/11/2012 12:07,Queen St W / Shaw St,7072,T01302,M4M2C8,Subscriber
561860,0h 15m 21s,4/11/2012 12:09,Queen St W / Shaw St,7072,4/11/2012 12:25,Wellington St W / Bay St,7052,T01302,M4M2C8,Subscriber
562467,0h 9m 54s,4/11/2012 17:28,Wellington St W / Bay St,7052,4/11/2012 17:38,Wellington St / Portland St,7011,T01302,M6K 3R8,Subscriber
562573,0h 19m 22s,4/11/2012 17:58,Wellington St / Portland St,7011,4/11/2012 18:17,Euclid Ave / Bloor St,7040,T01302,M6G 2W7,Subscriber
562777,0h 3m 15s,4/11/2012 19:00,Euclid Ave / Bloor St,7040,4/11/2012 19:03,Bloor St / Brunswick Ave,7061,T01302,M5R 2T9,Subscriber
563382,0h 4m 40s,4/12/2012 8:39,Bloor St / Brunswick Ave,7061,4/12/2012 8:43,Huron St / Harbord St ,7024,T01302,,Casual
564043,0h 2m 58s,4/12/2012 14:18,Huron St / Harbord St ,7024,4/12/2012 14:21,Willcocks St / St. George St,7066,T01302,M5S3L1,Subscriber
564164,0h 3m 58s,4/12/2012 15:37,Willcocks St / St. George St,7066,4/12/2012 15:41,College St / Major St,7078,T01302,M4C1P4,Subscriber
565049,0h 2m 17s,4/12/2012 21:07,College St / Major St,7078,4/12/2012 21:10,Augusta Ave / Dundas St W,7032,T01302,M5T2N4,Subscriber
567308,0h 11m 56s,4/13/2012 21:16,Augusta Ave / Dundas St W,7032,4/13/2012 21:28,Wellington St W / Bay St,7052,T01302,L8R 1R1,Subscriber
570357,0h 26m 10s,4/16/2012 10:05,Spadina Ave / Sussex Ave,7074,4/16/2012 10:31,Bay St / Bloor St W,7029,T01302,M5G 0A6,Subscriber
570408,0h 7m 39s,4/16/2012 10:46,Bay St / Bloor St W,7029,4/16/2012 10:53,Willcocks St / St. George St,7066,T01302,M4Y1N9,Subscriber
570481,0h 6m 16s,4/16/2012 11:46,Willcocks St / St. George St,7066,4/16/2012 11:52,Queens Park / Bloor St W,7063,T01302,M8VN8,Subscriber
573400,0h 10m 15s,4/17/2012 17:34,Queens Park / Bloor St W,7063,4/17/2012 17:45,Princess Ave / Adelaide St,7060,T01302,,Casual
576037,0h 11m 49s,4/18/2012 22:34,Princess Ave / Adelaide St,7060,4/18/2012 22:46,Church St / Alexander St,7044,T01302,M5V 3J6,Subscriber
576342,0h 16m 3s,4/19/2012 8:21,Church St / Alexander St,7044,4/19/2012 8:37,College St / Major St,7078,T01302,M4Y 1C9,Subscriber
576840,0h 12m 38s,4/19/2012 11:35,College St / Major St,7078,4/19/2012 11:48,Bay St / St Joseph St,7026,T01302,,Casual
576891,0h 6m 59s,4/19/2012 12:02,Bay St / St Joseph St,7026,4/19/2012 12:09,Madison Ave / Bloor St W,7003,T01302,M4Y2V6,Subscriber
576925,0h 8m 50s,4/19/2012 12:17,Madison Ave / Bloor St W,7003,4/19/2012 12:26,Euclid Ave / Bloor St,7040,T01302,L1J 7C6,Subscriber
577541,0h 7m 59s,4/19/2012 16:54,Euclid Ave / Bloor St,7040,4/19/2012 17:02,Huron St / Harbord St ,7024,T01302,L1J 7C6,Subscriber
577607,0h 7m 17s,4/19/2012 17:04,Huron St / Harbord St ,7024,4/19/2012 17:11,Phoebe St / Spadina Ave,7020,T01302,M5V 4A5,Subscriber
577963,0h 4m 14s,4/19/2012 18:17,Phoebe St / Spadina Ave,7020,4/19/2012 18:22,King St W / Spadina Ave,7010,T01302,M5V3R8,Subscriber
578949,0h 14m 44s,4/20/2012 8:44,King St W / Spadina Ave,7010,4/20/2012 8:59,Bay St / College St,7006,T01302,M5V 0B5,Subscriber
579126,0h 9m 12s,4/20/2012 9:22,Bay St / College St,7006,4/20/2012 9:31,25 York St,7070,T01302,M5A0A6,Subscriber
579431,0h 9m 6s,4/20/2012 12:18,25 York St,7070,4/20/2012 12:27,Elizabeth St / Edward St,7012,T01302,M4L3J3,Subscriber
579528,0h 7m 56s,4/20/2012 13:00,Elizabeth St / Edward St,7012,4/20/2012 13:08,Ferry Ramp / Queens Quay W,7016,T01302,M4L3J3,Subscriber
580912,0h 3m 1s,4/20/2012 21:14,Ferry Ramp / Queens Quay W,7016,4/20/2012 21:17,25 York St,7070,T01302,,Casual
581716,0h 5m 7s,4/21/2012 16:19,25 York St,7070,4/21/2012 16:24,University Ave / King St W,7005,T01302,M5V 3H9,Subscriber
581803,0h 7m 58s,4/21/2012 17:20,University Ave / King St W,7005,4/21/2012 17:28,Lower Jarvis St / The Esplanade,7001,T01302,M5E 1W5,Subscriber
583626,0h 4m 28s,4/23/2012 8:51,Niagara St./Queen W. (Richmond),7046,4/23/2012 8:55,Temperance St / Yonge St,7019,T01302,M5B 2J4,Subscriber
587111,0h 11m 7s,4/25/2012 16:17,Temperance St / Yonge St,7019,4/25/2012 16:28,Jarvis St / Isabella St,7031,T01302,M4Y2H9,Subscriber
587233,0h 7m 8s,4/25/2012 16:53,Jarvis St / Isabella St,7031,4/25/2012 17:00,Gould St / Mutual St,7028,T01302,M4Y 1N9,Subscriber
595602,0h 2m 48s,4/30/2012 7:39,Gould St / Mutual St,7028,4/30/2012 7:42,Bond St / Queen St E,7045,T01302,M5B2B4,Subscriber
595767,0h 4m 58s,4/30/2012 8:29,Bond St / Queen St E,7045,4/30/2012 8:34,Simcoe St / Queen St W,7022,T01302,M1E3P8,Subscriber
595924,0h 12m 5s,4/30/2012 8:57,Simcoe St / Queen St W,7022,4/30/2012 9:09,Dockside Dr / Queens Quay E.,7068,T01302,M5T2Y4,Subscriber
596883,0h 5m 25s,5/1/2012 7:01,Bremner / Spadina,7073,5/1/2012 7:06,York St / Queens Quay W,7076,T01302,M5V3V5,Subscriber
597046,0h 4m 19s,5/1/2012 8:16,York St / Queens Quay W,7076,5/1/2012 8:20,Simcoe St / Wellington St W,7057,T01302,M5J 2H2,Subscriber
597088,0h 6m 47s,5/1/2012 8:28,Simcoe St / Wellington St W,7057,5/1/2012 8:35,King St W / Spadina Ave,7010,T01302,L5M6E1,Subscriber
597141,0h 18m 45s,5/1/2012 8:38,King St W / Spadina Ave,7010,5/1/2012 8:57,Bay St / Wellesley St W,7030,T01302,M5V 3T9,Subscriber
597639,0h 7m 29s,5/1/2012 12:39,Bay St / Wellesley St W,7030,5/1/2012 12:46,Wellington St W / Bay St,7052,T01302,L4A 0H6,Subscriber
599089,0h 10m 5s,5/1/2012 22:51,Wellington St W / Bay St,7052,5/1/2012 23:01,Bay St / Wellesley St W,7030,T01302,M5S3G2,Subscriber
599957,0h 26m 30s,5/2/2012 11:24,Bay St / Wellesley St W,7030,5/2/2012 11:50,King St W / Bay St,7015,T01302,,Casual
600858,0h 4m 37s,5/2/2012 17:50,King St W / Bay St,7015,5/2/2012 17:54,Richmond St E / Jarvis St,7050,T01302,M5A1P9,Subscriber
601737,0h 16m 30s,5/3/2012 8:28,Jarvis St / Isabella St,7031,5/3/2012 8:44,Simcoe St / Wellington St W,7057,T01302,M4Y2H9,Subscriber
601968,0h 3m 23s,5/3/2012 9:21,Simcoe St / Wellington St W,7057,5/3/2012 9:24,Widmer St / Adelaide St ,7017,T01302,L1N8W,Subscriber
603423,0h 9m 22s,5/3/2012 19:08,Widmer St / Adelaide St ,7017,5/3/2012 19:17,College St / Huron St,7007,T01302,M4Y 1J9,Subscriber
603445,0h 8m 20s,5/3/2012 19:18,College St / Huron St,7007,5/3/2012 19:26,Bay St / College St,7006,T01302,M5C2V3,Subscriber
603538,0h 13m 45s,5/3/2012 19:56,Bay St / College St,7006,5/3/2012 20:10,Scott St / The Esplanade,7013,T01302,M5E0A3,Subscriber
603694,0h 9m 22s,5/3/2012 22:24,Scott St / The Esplanade,7013,5/3/2012 22:33,Gould St / Mutual St,7028,T01302,,Casual
606252,0h 8m 27s,5/4/2012 21:24,Gould St / Mutual St,7028,5/4/2012 21:32,University Ave / Elm St,7004,T01302,M5T 2Y9,Subscriber
607172,0h 13m 32s,5/5/2012 13:08,College St / Huron St,7007,5/5/2012 13:21,Euclid Ave / Bloor St,7040,T01302,,Casual
609041,0h 18m 31s,5/6/2012 9:50,Bloor St / Yonge St,7026,5/6/2012 10:09,York St / Queens Quay W,7076,T01302,M4Y 2W4,Subscriber
609070,2h 2m 39s,5/6/2012 10:11,York St / Queens Quay W,7076,5/6/2012 12:13,York St / Queens Quay W,7076,T01302,,Casual
609453,0h 23m 31s,5/6/2012 12:57,York St / Queens Quay W,7076,5/6/2012 13:21,Bathurst / Queens Quay (Island Airport),7071,T01302,M5V3P4,Subscriber
609555,0h 29m 34s,5/6/2012 13:34,Bathurst / Queens Quay (Island Airport),7071,5/6/2012 14:03,Bathurst / Queens Quay (Island Airport),7071,T01302,,Casual
609731,0h 17m 26s,5/6/2012 14:26,Bathurst / Queens Quay (Island Airport),7071,5/6/2012 14:44,York St / Queens Quay W,7076,T01302,,Casual
610076,0h 16m 58s,5/6/2012 15:58,York St / Queens Quay W,7076,5/6/2012 16:15,Queens Park / Bloor St W,7063,T01302,M5B2K5,Subscriber
610218,0h 22m 7s,5/6/2012 16:51,Queens Park / Bloor St W,7063,5/6/2012 17:13,Gerrard St E / Church St,7079,T01302,,Casual
610620,0h 6m 8s,5/6/2012 19:37,Gerrard St E / Church St,7079,5/6/2012 19:43,Wellesley St E. / Yonge St,7051,T01302,M5B 2E8,Subscriber
612306,0h 10m 43s,5/7/2012 17:47,Wellesley St E. / Yonge St,7051,5/7/2012 17:58,Euclid Ave / Bloor St,7040,T01302,M4Y1G6,Subscriber
613165,0h 12m 47s,5/8/2012 9:35,Euclid Ave / Bloor St,7040,5/8/2012 9:48,Princess Ave / Adelaide St,7060,T01302,M6P 2A5,Subscriber
613499,0h 6m 8s,5/8/2012 13:22,Princess Ave / Adelaide St,7060,5/8/2012 13:28,King St W / Spadina Ave,7010,T01302,M5V3Y4,Subscriber
613620,0h 43m 30s,5/8/2012 14:50,King St W / Spadina Ave,7010,5/8/2012 15:34,Spadina Ave / Sussex Ave,7074,T01302,,Casual
614331,0h 13m 51s,5/8/2012 18:15,Spadina Ave / Sussex Ave,7074,5/8/2012 18:29,Queen St W / Shaw St,7072,T01302,M5B 2L1,Subscriber
619034,0h 25m 47s,5/10/2012 20:35,Queen St W / Shaw St,7072,5/10/2012 21:01,Jarvis St / Carleton St,7055,T01302,M3B2N6,Subscriber
619414,0h 7m 34s,5/11/2012 7:12,Jarvis St / Carleton St,7055,5/11/2012 7:20,Melinda St / Yonge St,7036,T01302,M4Y3C5,Subscriber
619706,0h 15m 15s,5/11/2012 8:41,Melinda St / Yonge St,7036,5/11/2012 8:57,Bathurst / Queens Quay (Island Airport),7071,T01302,M5C 3C5,Subscriber
620519,0h 18m 21s,5/11/2012 14:07,Bathurst / Queens Quay (Island Airport),7071,5/11/2012 14:25,Beverly  St / Dundas St W,7027,T01302,,Casual
620571,0h 23m 38s,5/11/2012 14:30,Beverly  St / Dundas St W,7027,5/11/2012 14:54,Huron St / Harbord St ,7024,T01302,,Casual
620703,1h 6m 42s,5/11/2012 15:22,Huron St / Harbord St ,7024,5/11/2012 16:29,Queens Park / Bloor St W,7063,T01302,,Casual
621032,0h 13m 2s,5/11/2012 16:58,Queens Park / Bloor St W,7063,5/11/2012 17:11,University Ave / King St W,7005,T01302,L1X2W8,Subscriber
621423,0h 9m 15s,5/11/2012 18:18,University Ave / King St W,7005,5/11/2012 18:27,Queen St / Portland St,7049,T01302,M5B1B4,Subscriber
621537,0h 16m 22s,5/11/2012 18:49,Queen St / Portland St,7049,5/11/2012 19:05,Princess Ave / Adelaide St,7060,T01302,,Casual
628265,0h 12m 28s,5/14/2012 17:18,Princess Ave / Adelaide St,7060,5/14/2012 17:30,St George St / Bloor St W,7002,T01302,M2H 1K2,Subscriber
628634,0h 3m 33s,5/14/2012 18:26,St George St / Bloor St W,7002,5/14/2012 18:30,College St / Huron St,7007,T01302,M5S 1Z6,Subscriber
628776,0h 4m 25s,5/14/2012 19:07,College St / Huron St,7007,5/14/2012 19:11,Bay St / Wellesley St W,7030,T01302,M5T 1L5,Subscriber
628788,0h 1m 59s,5/14/2012 19:12,Bay St / Wellesley St W,7030,5/14/2012 19:14,Queens Park Cres E,7008,T01302,L5C1J8,Subscriber
629018,0h 9m 9s,5/14/2012 21:17,Queens Park Cres E,7008,5/14/2012 21:27,St George St / Bloor St W,7002,T01302,,Casual
629115,0h 8m 39s,5/14/2012 22:17,St George St / Bloor St W,7002,5/14/2012 22:26,Bloor St / Brunswick Ave,7061,T01302,,Casual
629657,0h 12m 2s,5/15/2012 8:36,Bloor St / Brunswick Ave,7061,5/15/2012 8:49,Simcoe St / Dundas St W,7039,T01302,M5S2N5,Subscriber
631533,0h 12m 56s,5/15/2012 18:36,Simcoe St / Dundas St W,7039,5/15/2012 18:49,Bloor St / Brunswick Ave,7061,T01302,M5S2M7,Subscriber
635877,0h 8m 46s,5/17/2012 13:28,Bloor St / Brunswick Ave,7061,5/17/2012 13:37,University Ave / College St,7062,T01302,M5V 3A6,Subscriber
635903,0h 7m 1s,5/17/2012 13:38,University Ave / College St,7062,5/17/2012 13:45,Jarvis St / Carleton St,7055,T01302,M4Y 2G9,Subscriber
637047,0h 7m 27s,5/17/2012 19:25,Jarvis St / Carleton St,7055,5/17/2012 19:32,Bay St / College St,7006,T01302,ON,Subscriber
637075,0h 8m 20s,5/17/2012 19:36,Bay St / College St,7006,5/17/2012 19:44,College St / Borden St,7023,T01302,ON,Subscriber
638119,0h 8m 51s,5/18/2012 9:34,College St / Borden St,7023,5/18/2012 9:43,Elizabeth St / Edward St,7012,T01302,M6J3X9,Subscriber
639787,0h 14m 51s,5/18/2012 19:38,Elizabeth St / Edward St,7012,5/18/2012 19:53,Front St W / Blue Jays Way,7059,T01302,L5M3Y5,Subscriber
640398,0h 14m 28s,5/19/2012 9:48,Front St W / Blue Jays Way,7059,5/19/2012 10:03,Phoebe St / Spadina Ave,7020,T01302,,Casual
641546,0h 3m 36s,5/19/2012 16:01,Phoebe St / Spadina Ave,7020,5/19/2012 16:05,Simcoe St / Queen St W,7022,T01302,M5T3A4,Subscriber
641992,0h 2m 38s,5/19/2012 17:57,Simcoe St / Queen St W,7022,5/19/2012 18:00,Simcoe St / Dundas St W,7039,T01302,M5A 3W1,Subscriber
647084,0h 7m 32s,5/21/2012 14:15,Simcoe St / Dundas St W,7039,5/21/2012 14:23,Dundas / Yonge St.,7038,T01302,M5T2X4,Subscriber
647137,0h 0m 17s,5/21/2012 14:25,Dundas / Yonge St.,7038,5/21/2012 14:26,Dundas / Yonge St.,7038,T01302,M5T2X4,Subscriber
647830,0h 3m 45s,5/21/2012 17:00,Dundas / Yonge St.,7038,5/21/2012 17:03,Elizabeth St / Edward St,7012,T01302,,Casual
648246,0h 10m 58s,5/21/2012 18:46,Elizabeth St / Edward St,7012,5/21/2012 18:57,Parliament St / Gerrard St,7056,T01302,M4X 1T9,Subscriber
648423,0h 16m 6s,5/21/2012 19:25,Parliament St / Gerrard St,7056,5/21/2012 19:41,Sherbourne St / Wellesley St,7042,T01302,M4X 1X8,Subscriber
649256,0h 13m 12s,5/22/2012 8:23,Sherbourne St / Wellesley St,7042,5/22/2012 8:37,King St W / Bay St,7015,T01302,,Casual
651061,0h 7m 24s,5/22/2012 18:04,King St W / Bay St,7015,5/22/2012 18:12,Front St W / Blue Jays Way,7059,T01302,M5V 3R5,Subscriber
652305,0h 19m 8s,5/23/2012 8:47,Front St W / Blue Jays Way,7059,5/23/2012 9:06,Bay St / Bloor St W,7029,T01302,,Casual
652497,0h 15m 29s,5/23/2012 9:21,Bay St / Bloor St W,7029,5/23/2012 9:37,Bathurst St / Dundas St,7037,T01302,M5R3S1,Subscriber
658259,0h 12m 27s,5/25/2012 8:26,Queens Park / Bloor St W,7063,5/25/2012 8:39,King St W / Bay St,7015,T01302,M4V 2T6,Subscriber
658688,0h 7m 53s,5/25/2012 10:24,Bremner / Spadina,7073,5/25/2012 10:32,Beverly  St / Dundas St W,7027,T01302,M5V 3Y6,Subscriber
660052,0h 14m 28s,5/25/2012 18:07,Beverly  St / Dundas St W,7027,5/25/2012 18:22,Euclid Ave / Bloor St,7040,T01302,,Casual
661656,0h 13m 56s,5/26/2012 12:21,Euclid Ave / Bloor St,7040,5/26/2012 12:35,Queen St / Portland St,7049,T01302,M5G 1P4,Subscriber
661708,0h 8m 32s,5/26/2012 12:36,Queen St / Portland St,7049,5/26/2012 12:45,Princess Ave / Adelaide St,7060,T01302,M5J3A2,Subscriber
662354,0h 10m 0s,5/26/2012 15:03,Princess Ave / Adelaide St,7060,5/26/2012 15:13,Bremner / Spadina,7073,T01302,M5V3Z7,Subscriber
662711,0h 40m 26s,5/26/2012 16:19,Bremner / Spadina,7073,5/26/2012 17:00,Bloor St / Brunswick Ave,7061,T01302,,Casual
665033,0h 7m 57s,5/27/2012 12:31,Spadina Ave / Sussex Ave,7074,5/27/2012 12:39,University Ave / Elm St,7004,T01302,M5T 1W4,Subscriber
666666,0h 10m 44s,5/27/2012 19:02,University Ave / Elm St,7004,5/27/2012 19:13,St George St / Bloor St W,7002,T01302,,Casual
666983,0h 11m 0s,5/27/2012 21:43,St George St / Bloor St W,7002,5/27/2012 21:54,Wellesley St E. / Yonge St,7051,T01302,,Casual
667016,0h 19m 34s,5/27/2012 22:16,Wellesley St E. / Yonge St,7051,5/27/2012 22:35,Bloor St / Brunswick Ave,7061,T01302,,Casual
667711,0h 12m 26s,5/28/2012 9:03,Queen St / Ossington Ave,7035,5/28/2012 9:15,Simcoe St / Queen St W,7022,T01302,M6G2P5,Subscriber
668496,0h 12m 25s,5/28/2012 14:22,Jarvis St / Carleton St,7055,5/28/2012 14:35,Temperance St / Yonge St,7019,T01302,M4X1W7,Subscriber
669218,0h 9m 52s,5/28/2012 17:39,Temperance St / Yonge St,7019,5/28/2012 17:48,Dundas St / Parliament St,7065,T01302,,Casual
669342,0h 9m 17s,5/28/2012 17:58,Dundas St / Parliament St,7065,5/28/2012 18:07,Dundas / Yonge St.,7038,T01302,M5V 3M5,Subscriber
669695,0h 6m 50s,5/28/2012 19:29,Dundas / Yonge St.,7038,5/28/2012 19:36,Dundas St / Parliament St,7065,T01302,M5V 3M5,Subscriber
670819,0h 12m 47s,5/29/2012 8:56,Dundas St / Parliament St,7065,5/29/2012 9:09,University Ave / College St,7062,T01302,L5W1E9,Subscriber
671135,0h 7m 8s,5/29/2012 10:35,University Ave / College St,7062,5/29/2012 10:42,Church St / Alexander St,7044,T01302,M5G2A1,Subscriber
674499,0h 7m 24s,5/30/2012 11:29,Church St / Alexander St,7044,5/30/2012 11:36,Tech Terminal,7033,T01302,M4Y1M1,Subscriber
677796,0h 18m 0s,5/31/2012 12:39,Tech Terminal,7033,5/31/2012 12:57,College St / Huron St,7007,T01302,M5A4S7,Subscriber
677963,0h 7m 49s,5/31/2012 13:45,College St / Huron St,7007,5/31/2012 13:53,Phoebe St / Spadina Ave,7020,T01302, L6S 5Z2,Subscriber
678099,0h 37m 33s,5/31/2012 14:40,Phoebe St / Spadina Ave,7020,5/31/2012 15:17,Bay St / Albert St,7021,T01302,,Casual
678457,0h 43m 10s,5/31/2012 16:41,Bay St / Albert St,7021,5/31/2012 17:24,Princess Ave / Adelaide St,7060,T01302,,Casual
679358,0h 15m 31s,5/31/2012 20:08,Princess Ave / Adelaide St,7060,5/31/2012 20:24,Queen St / Ossington Ave,7035,T01302,M6G2Z2,Subscriber
680564,0h 5m 57s,6/1/2012 23:39,Queen St / Ossington Ave,7035,6/1/2012 23:45,Augusta Ave / Dundas St W,7032,T01302,,Casual
681032,0h 4m 29s,6/2/2012 12:36,Augusta Ave / Dundas St W,7032,6/2/2012 12:40,Queen St W / Spadina Ave,7069,T01302,M5T 2N4,Subscriber
681071,0h 5m 0s,6/2/2012 12:53,Queen St W / Spadina Ave,7069,6/2/2012 12:58,Augusta Ave / Dundas St W,7032,T01302,M5T 2N4,Subscriber
681497,0h 12m 50s,6/2/2012 15:46,Augusta Ave / Dundas St W,7032,6/2/2012 15:59,Tech Terminal,7033,T01302,M5T2N4,Subscriber
681983,0h 14m 58s,6/2/2012 19:44,Tech Terminal,7033,6/2/2012 19:59,Augusta Ave / Dundas St W,7032,T01302,M5T 2N4,Subscriber
683105,0h 9m 16s,6/3/2012 16:07,Augusta Ave / Dundas St W,7032,6/3/2012 16:16,Huron St / Harbord St ,7024,T01302,,Casual
683517,0h 4m 23s,6/3/2012 20:28,Huron St / Harbord St ,7024,6/3/2012 20:32,Bloor St / Yonge St,7026,T01302,M5S 3A6,Subscriber
683810,0h 8m 20s,6/4/2012 7:03,Bloor St / Yonge St,7026,6/4/2012 7:11,Wellington St W / Bay St,7052,T01302,M4Y1R6,Subscriber
683891,0h 14m 50s,6/4/2012 7:51,Wellington St W / Bay St,7052,6/4/2012 8:06,Bay St / Bloor St W,7029,T01302,L6B 0T4,Subscriber
683943,0h 6m 28s,6/4/2012 8:09,Bay St / Bloor St W,7029,6/4/2012 8:15,St George St / Bloor St W,7002,T01302,,Casual
684131,0h 14m 10s,6/4/2012 8:41,St George St / Bloor St W,7002,6/4/2012 8:56,Temperance St / Yonge St,7019,T01302,M5S 1S5,Subscriber
684981,0h 8m 52s,6/4/2012 16:01,Bay St / Wellesley St W,7030,6/4/2012 16:10,Wellington St W / Bay St,7052,T01302,L7M2W2,Subscriber
686196,0h 8m 3s,6/5/2012 8:13,Wellington St W / Bay St,7052,6/5/2012 8:21,Bay St / College St,7006,T01302,L6J7J5,Subscriber
686495,0h 9m 24s,6/5/2012 9:00,Bay St / College St,7006,6/5/2012 9:09,Queen St W / Spadina Ave,7069,T01302,M5J2Z3,Subscriber
688357,0h 8m 1s,6/5/2012 19:33,Huron St / Harbord St ,7024,6/5/2012 19:41,Bay St / Bloor St W,7029,T01302,M4W1W6,Subscriber
688395,0h 18m 10s,6/5/2012 19:47,Bay St / Bloor St W,7029,6/5/2012 20:05,Wellington St / Portland St,7011,T01302,M5A0B9,Subscriber
688469,0h 14m 46s,6/5/2012 20:18,Wellington St / Portland St,7011,6/5/2012 20:32,Bay St / College St,7006,T01302,M4Y3G5,Subscriber
688917,0h 16m 32s,6/6/2012 7:09,Bay St / College St,7006,6/6/2012 7:26,Widmer St / Adelaide St ,7017,T01302,M5S 1Y9,Subscriber
690613,0h 3m 14s,6/6/2012 17:01,Widmer St / Adelaide St ,7017,6/6/2012 17:04,Simcoe St / Wellington St W,7057,T01302,L1N8W,Subscriber
690792,0h 7m 15s,6/6/2012 17:35,Simcoe St / Wellington St W,7057,6/6/2012 17:42,Queen St W / Spadina Ave,7069,T01302,M5V2A6,Subscriber
690855,0h 11m 43s,6/6/2012 17:59,Queen St W / Spadina Ave,7069,6/6/2012 18:11,Wellesley St E. / Yonge St,7051,T01302,M5V1C1,Subscriber
691051,0h 4m 11s,6/6/2012 18:59,Wellesley St E. / Yonge St,7051,6/6/2012 19:03,Bay St / St Joseph St,7026,T01302,M5R2M6,Subscriber
692003,0h 5m 11s,6/7/2012 8:56,Bay St / St Joseph St,7026,6/7/2012 9:02,Elizabeth St / Edward St,7012,T01302,M4Y 2W4,Subscriber
693118,0h 5m 2s,6/7/2012 15:57,Elizabeth St / Edward St,7012,6/7/2012 16:02,Queens Park Cres E,7008,T01302,M4Y 2W4,Subscriber
693927,0h 4m 3s,6/7/2012 19:01,Queens Park Cres E,7008,6/7/2012 19:05,Navy Wharf Ct. / Bremner Blvd.,7054,T01302,M4Y 1H7,Subscriber
694101,0h 6m 41s,6/7/2012 20:05,Navy Wharf Ct. / Bremner Blvd.,7054,6/7/2012 20:12,Willcocks St / St. George St,7066,T01302,M4Y1H5,Subscriber
694214,0h 5m 5s,6/7/2012 21:12,Willcocks St / St. George St,7066,6/7/2012 21:17,Madison Ave / Bloor St W,7003,T01302,M5R 2W8,Subscriber
694407,0h 11m 39s,6/7/2012 22:51,Madison Ave / Bloor St W,7003,6/7/2012 23:03,Jarvis St / Isabella St,7031,T01302,K1S2M9,Subscriber
695362,0h 12m 26s,6/8/2012 10:16,Jarvis St / Isabella St,7031,6/8/2012 10:29,Princess Ave / Adelaide St,7060,T01302,K1S2M9,Subscriber
695632,0h 11m 40s,6/8/2012 12:16,Princess Ave / Adelaide St,7060,6/8/2012 12:27,College St / Borden St,7023,T01302,M5S2N8,Subscriber
695926,0h 6m 1s,6/8/2012 13:56,College St / Borden St,7023,6/8/2012 14:02,Phoebe St / Spadina Ave,7020,T01302,M5T 3J6 ,Subscriber
696540,0h 7m 12s,6/8/2012 16:48,Phoebe St / Spadina Ave,7020,6/8/2012 16:56,College St / Borden St,7023,T01302,,Casual
699122,0h 14m 38s,6/9/2012 16:05,King St W / Bay St,7015,6/9/2012 16:19,King St W / Spadina Ave,7010,T01302,,Casual
699342,0h 18m 1s,6/9/2012 16:58,King St W / Spadina Ave,7010,6/9/2012 17:16,York St / Queens Quay W,7076,T01302,,Casual
699436,0h 5m 1s,6/9/2012 17:22,York St / Queens Quay W,7076,6/9/2012 17:27,Ferry Ramp / Queens Quay W,7016,T01302,,Casual
699528,7h 56m 23s,6/9/2012 17:47,Ferry Ramp / Queens Quay W,7016,6/10/2012 1:44,Lower Simcoe St / Lakeshore Blvd W,7043,T01302,,Casual
702164,0h 22m 2s,6/10/2012 15:44,Lower Simcoe St / Lakeshore Blvd W,7043,6/10/2012 16:06,Bay St / Albert St,7021,T01302,,Casual
702562,0h 9m 26s,6/10/2012 17:21,Bay St / Albert St,7021,6/10/2012 17:30,Queen St / Portland St,7049,T01302,M5T1P1,Subscriber
702606,0h 0m 3s,6/10/2012 17:37,Queen St / Portland St,7049,6/10/2012 17:37,Queen St / Portland St,7049,T01302,M5T1P1,Subscriber
702610,0h 8m 13s,6/10/2012 17:38,Queen St / Portland St,7049,6/10/2012 17:46,Phoebe St / Spadina Ave,7020,T01302,M5V3B9,Subscriber
702865,0h 1m 47s,6/10/2012 18:59,Phoebe St / Spadina Ave,7020,6/10/2012 19:01,Beverly  St / Dundas St W,7027,T01302,M5V3B9,Subscriber
703113,1h 19m 57s,6/10/2012 20:29,Beverly  St / Dundas St W,7027,6/10/2012 21:49,Beverly  St / Dundas St W,7027,T01302,,Casual
703650,0h 3m 23s,6/11/2012 7:44,Beverly  St / Dundas St W,7027,6/11/2012 7:48,University Ave / Elm St,7004,T01302,M5T3L7,Subscriber
705236,0h 6m 6s,6/11/2012 16:42,University Ave / Elm St,7004,6/11/2012 16:48,Phoebe St / Spadina Ave,7020,T01302,M5T3L7,Subscriber
709876,0h 7m 22s,6/13/2012 8:22,College St / Borden St,7023,6/13/2012 8:30,University Ave / Gerrard St W,7047,T01302,L8R 1R1,Subscriber
710357,0h 14m 16s,6/13/2012 10:02,University Ave / Gerrard St W,7047,6/13/2012 10:17,Lower Jarvis St / The Esplanade,7001,T01302,ON,Subscriber
721496,0h 20m 27s,6/16/2012 15:26,Ted Rogers Way / Bloor St E,7025,6/16/2012 15:46,Ferry Ramp / Queens Quay W,7016,T01302,,Casual
722289,2h 11m 51s,6/16/2012 18:27,Ferry Ramp / Queens Quay W,7016,6/16/2012 20:39,Ferry Ramp / Queens Quay W,7016,T01302,,Casual
722870,0h 18m 54s,6/16/2012 20:46,Ferry Ramp / Queens Quay W,7016,6/16/2012 21:05,Bay St / Albert St,7021,T01302,,Casual
723552,0h 13m 46s,6/17/2012 1:41,Bay St / Albert St,7021,6/17/2012 1:54,Phoebe St / Spadina Ave,7020,T01302,,Casual
723656,0h 16m 12s,6/17/2012 3:12,Phoebe St / Spadina Ave,7020,6/17/2012 3:29,Bay St / Wellesley St W,7030,T01302,L4B3V8,Subscriber
724119,0h 3m 46s,6/17/2012 11:59,Bay St / Wellesley St W,7030,6/17/2012 12:03,Elizabeth St / Edward St,7012,T01302,,Casual
728881,0h 15m 21s,6/18/2012 20:49,Dockside Dr / Queens Quay E.,7068,6/18/2012 21:05,Bremner / Spadina,7073,T01302,,Casual
728981,0h 2m 4s,6/18/2012 21:30,Bremner / Spadina,7073,6/18/2012 21:32,Front St W / Blue Jays Way,7059,T01302,M5V 2V6,Subscriber
730183,0h 9m 30s,6/19/2012 11:48,Front St W / Blue Jays Way,7059,6/19/2012 11:57,York St / Queens Quay W,7076,T01302,,Casual
730229,2h 45m 20s,6/19/2012 12:03,York St / Queens Quay W,7076,6/19/2012 14:49,Simcoe St / Wellington St W,7057,T01302,,Casual
730990,0h 13m 39s,6/19/2012 16:48,Simcoe St / Wellington St W,7057,6/19/2012 17:01,Spadina Ave / Sussex Ave,7074,T01302,M5S 2K6,Subscriber
731322,0h 13m 47s,6/19/2012 17:37,Spadina Ave / Sussex Ave,7074,6/19/2012 17:50,University Ave / Elm St,7004,T01302,M5T 2Y8,Subscriber
731452,0h 0m 8s,6/19/2012 17:58,University Ave / Elm St,7004,6/19/2012 17:58,University Ave / Elm St,7004,T01302,M5T 2Y8,Subscriber
731541,0h 10m 12s,6/19/2012 18:16,University Ave / Elm St,7004,6/19/2012 18:26,Richmond St E / Jarvis St,7050,T01302,M5A4S7,Subscriber
733193,0h 13m 24s,6/20/2012 9:42,Richmond St E / Jarvis St,7050,6/20/2012 9:56,Bay St / Wellesley St W,7030,T01302,M5A 2M5,Subscriber
733252,0h 13m 25s,6/20/2012 10:15,Bay St / Wellesley St W,7030,6/20/2012 10:29,Ferry Ramp / Queens Quay W,7016,T01302,,Casual
733824,0h 11m 18s,6/20/2012 15:00,Ferry Ramp / Queens Quay W,7016,6/20/2012 15:11,Simcoe St / Wellington St W,7057,T01302,,Casual
734087,0h 5m 57s,6/20/2012 16:32,Simcoe St / Wellington St W,7057,6/20/2012 16:38,25 York St,7070,T01302,M5J 2L1,Subscriber
734612,0h 4m 12s,6/20/2012 18:07,25 York St,7070,6/20/2012 18:11,Bremner Blvd / Rees St,7018,T01302,M5V 3Z5,Subscriber
736211,0h 7m 29s,6/21/2012 8:59,Bremner Blvd / Rees St,7018,6/21/2012 9:06,King St E / Jarvis St,7009,T01302,M5V3V2,Subscriber
737332,0h 23m 37s,6/21/2012 16:43,Madison Ave / Bloor St W,7003,6/21/2012 17:07,Queens Park / Bloor St W,7063,T01302,,Casual
737660,0h 9m 34s,6/21/2012 17:37,Queens Park / Bloor St W,7063,6/21/2012 17:47,Navy Wharf Ct. / Bremner Blvd.,7054,T01302,,Casual
738721,0h 9m 52s,6/22/2012 8:17,Bay St / Bloor St W,7029,6/22/2012 8:27,Temperance St / Yonge St,7019,T01302,M5R 1N2,Subscriber
740019,0h 10m 18s,6/22/2012 14:56,Temperance St / Yonge St,7019,6/22/2012 15:07,Widmer St / Adelaide St ,7017,T01302,M6G2S1,Subscriber
743831,0h 11m 52s,6/23/2012 16:16,Simcoe St / Queen St W,7022,6/23/2012 16:28,Dockside Dr / Queens Quay E.,7068,T01302,L7P2B7,Subscriber
745041,0h 5m 56s,6/23/2012 22:54,Dockside Dr / Queens Quay E.,7068,6/23/2012 23:00,Trinity / Front (Distillery),7064,T01302,L6L 6J4,Subscriber
745248,0h 21m 42s,6/24/2012 1:07,Trinity / Front (Distillery),7064,6/24/2012 1:29,Willcocks St / St. George St,7066,T01302,,Casual
745363,0h 6m 37s,6/24/2012 3:26,Willcocks St / St. George St,7066,6/24/2012 3:33,Granby St / Yonge St,7077,T01302,,Casual
745824,0h 1m 56s,6/24/2012 12:10,Granby St / Yonge St,7077,6/24/2012 12:12,Gerrard St E / Church St,7079,T01302,M5V-0C9,Subscriber
747732,0h 12m 21s,6/25/2012 8:30,Gerrard St E / Church St,7079,6/25/2012 8:42,Yonge St. / Lakeshore Ave. E.,7067,T01302,M5B2E8,Subscriber
750023,0h 25m 31s,6/25/2012 20:43,Yonge St. / Lakeshore Ave. E.,7067,6/25/2012 21:08,Ferry Ramp / Queens Quay W,7016,T01302,,Casual
752206,0h 15m 23s,6/26/2012 16:39,Huron St / Harbord St ,7024,6/26/2012 16:54,Bond St / Queen St E,7045,T01302,N3T 5L7,Subscriber
753247,0h 5m 59s,6/26/2012 20:07,Bond St / Queen St E,7045,6/26/2012 20:13,Church St / Alexander St,7044,T01302,M4Y3C5,Subscriber
754404,0h 18m 31s,6/27/2012 9:11,Trinity / Front (Distillery),7064,6/27/2012 9:29,Bay St / Wellesley St W,7030,T01302,M5A 4R2,Subscriber
755720,0h 4m 29s,6/27/2012 17:18,Bay St / Wellesley St W,7030,6/27/2012 17:23,Bay St / Bloor St W,7029,T01302,M5V 2L2,Subscriber
755786,0h 11m 22s,6/27/2012 17:30,Bay St / Bloor St W,7029,6/27/2012 17:41,Bay St / Albert St,7021,T01302,M4Y3C3,Subscriber
756039,0h 12m 40s,6/27/2012 18:05,Bay St / Albert St,7021,6/27/2012 18:17,Bay St / Bloor St W,7029,T01302,M5A3Y8,Subscriber
756394,0h 24m 41s,6/27/2012 19:28,Bay St / Bloor St W,7029,6/27/2012 19:52,Wellesley St E. / Yonge St,7051,T01302,M5B 2E8,Subscriber
757345,0h 14m 55s,6/28/2012 8:19,Wellesley St E. / Yonge St,7051,6/28/2012 8:34,Widmer St / Adelaide St ,7017,T01302,M4N3J1,Subscriber
759365,0h 13m 19s,6/28/2012 17:53,Widmer St / Adelaide St ,7017,6/28/2012 18:06,Bloor St / Brunswick Ave,7061,T01302,,Casual
760403,0h 27m 4s,6/29/2012 0:09,Bloor St / Brunswick Ave,7061,6/29/2012 0:36,Bremner / Spadina,7073,T01302,M5V 3Y9,Subscriber
760794,0h 8m 31s,6/29/2012 8:12,Bremner / Spadina,7073,6/29/2012 8:20,University Ave / King St W,7005,T01302,,Casual
762025,0h 6m 47s,6/29/2012 14:56,University Ave / King St W,7005,6/29/2012 15:03,Wellington St / Portland St,7011,T01302,M1S1X4,Subscriber
762618,0h 3m 9s,6/29/2012 17:11,Wellington St / Portland St,7011,6/29/2012 17:14,Front St W / Blue Jays Way,7059,T01302,K9A2V6,Subscriber
763070,0h 10m 11s,6/29/2012 19:05,Simcoe St / Dundas St W,7039,6/29/2012 19:16,Queens Park / Bloor St W,7063,T01302,M4Y 2G6,Subscriber
763807,0h 16m 20s,6/30/2012 1:22,Queens Park / Bloor St W,7063,6/30/2012 1:38,Church St / Alexander St,7044,T01302,M4Y 2G6,Subscriber
763984,0h 3m 25s,6/30/2012 6:51,Church St / Alexander St,7044,6/30/2012 6:55,Church St / Bloor St E,7034,T01302,M4A2G1,Subscriber
765390,0h 10m 13s,6/30/2012 16:49,Church St / Bloor St E,7034,6/30/2012 16:59,St George St / Bloor St W,7002,T01302,M5R 2P5,Subscriber
765489,0h 16m 34s,6/30/2012 17:20,St George St / Bloor St W,7002,6/30/2012 17:37,Wellington St / Portland St,7011,T01302,,Casual
765589,3h 19m 44s,6/30/2012 17:51,Wellington St / Portland St,7011,6/30/2012 21:10,Metro Hall Plaza,7053,T01302,,Casual
766294,0h 3m 35s,6/30/2012 22:33,Metro Hall Plaza,7053,6/30/2012 22:36,Bremner / Spadina,7073,T01302,M5V3Z5,Subscriber
766407,0h 12m 37s,6/30/2012 23:43,Bremner / Spadina,7073,6/30/2012 23:55,Granby St / Yonge St,7077,T01302,M5V 4A5,Subscriber
768262,0h 3m 58s,7/1/2012 18:19,Granby St / Yonge St,7077,7/1/2012 18:23,Gould St / Mutual St,7028,T01302,M5B 1L3,Subscriber
769118,0h 13m 49s,7/1/2012 23:26,Gould St / Mutual St,7028,7/1/2012 23:39,Widmer St / Adelaide St ,7017,T01302,,Casual
769340,0h 36m 34s,7/2/2012 2:05,Widmer St / Adelaide St ,7017,7/2/2012 2:41,Gould St / Mutual St,7028,T01302,,Casual
770283,0h 15m 15s,7/2/2012 14:26,Gould St / Mutual St,7028,7/2/2012 14:42,York St / Queens Quay W,7076,T01302,,Casual
770723,0h 19m 18s,7/2/2012 16:29,York St / Queens Quay W,7076,7/2/2012 16:48,Bathurst / Queens Quay (Island Airport),7071,T01302,,Casual
770824,0h 26m 12s,7/2/2012 16:52,Bathurst / Queens Quay (Island Airport),7071,7/2/2012 17:19,Queen St / Portland St,7049,T01302,,Casual
777959,0h 12m 22s,7/4/2012 22:48,Dockside Dr / Queens Quay E.,7068,7/4/2012 23:01,Dundas / Yonge St.,7038,T01302,,Casual
779058,0h 4m 8s,7/5/2012 11:06,Dundas / Yonge St.,7038,7/5/2012 11:10,Temperance St / Yonge St,7019,T01302,,Casual
779141,0h 5m 0s,7/5/2012 11:45,Temperance St / Yonge St,7019,7/5/2012 11:50,Edward St / Yonge St,7041,T01302,M5B2L2,Subscriber
779482,0h 7m 55s,7/5/2012 13:50,Edward St / Yonge St,7041,7/5/2012 13:58,Ft. York / Capreol Crt.,7000,T01302,M5T 1J2,Subscriber
779702,0h 21m 23s,7/5/2012 15:25,Ft. York / Capreol Crt.,7000,7/5/2012 15:47,Trinity / Front (Distillery),7064,T01302,,Casual
781151,0h 12m 33s,7/5/2012 21:01,Trinity / Front (Distillery),7064,7/5/2012 21:14,Yonge St. / Lakeshore Ave. E.,7067,T01302,M5J2R9,Subscriber
784202,0h 22m 37s,7/6/2012 19:13,Yonge St. / Lakeshore Ave. E.,7067,7/6/2012 19:35,York St / Queens Quay W,7076,T01302,,Casual
784740,0h 25m 20s,7/6/2012 22:49,York St / Queens Quay W,7076,7/6/2012 23:14,Queens Quay W / Dan Leckie Way,7075,T01302,,Casual
784793,0h 9m 27s,7/6/2012 23:20,Queens Quay W / Dan Leckie Way,7075,7/6/2012 23:29,York St / Queens Quay W,7076,T01302,,Casual
784866,0h 22m 23s,7/7/2012 0:08,York St / Queens Quay W,7076,7/7/2012 0:30,Phoebe St / Spadina Ave,7020,T01302,,Casual
784913,0h 13m 19s,7/7/2012 0:34,Phoebe St / Spadina Ave,7020,7/7/2012 0:47,Bay St / College St,7006,T01302,,Casual
785037,0h 1m 38s,7/7/2012 2:10,Bay St / College St,7006,7/7/2012 2:11,Bay St / College St,7006,T01302,M5V 2V6,Subscriber
785141,0h 7m 36s,7/7/2012 7:05,Bay St / College St,7006,7/7/2012 7:13,Wellington St W / Bay St,7052,T01302,M5G 2J9,Subscriber
785519,0h 11m 48s,7/7/2012 12:03,Wellington St W / Bay St,7052,7/7/2012 12:14,Sherbourne / Carlton (Allan Gardens),7014,T01302,M4X1M7,Subscriber
785637,0h 29m 3s,7/7/2012 12:47,Sherbourne / Carlton (Allan Gardens),7014,7/7/2012 13:16,Sherbourne / Carlton (Allan Gardens),7014,T01302,,Casual
786072,0h 7m 24s,7/7/2012 14:53,Sherbourne / Carlton (Allan Gardens),7014,7/7/2012 15:01,Dundas / Yonge St.,7038,T01302,,Casual
786765,0h 21m 21s,7/7/2012 17:48,Trinity / Front (Distillery),7064,7/7/2012 18:09,Ferry Ramp / Queens Quay W,7016,T01302,,Casual
786863,0h 23m 33s,7/7/2012 18:15,Ferry Ramp / Queens Quay W,7016,7/7/2012 18:38,Bathurst / Queens Quay (Island Airport),7071,T01302,,Casual
787030,1h 59m 39s,7/7/2012 19:05,Bathurst / Queens Quay (Island Airport),7071,7/7/2012 21:04,Bathurst / Queens Quay (Island Airport),7071,T01302,,Casual
787600,0h 28m 25s,7/7/2012 23:18,Bathurst / Queens Quay (Island Airport),7071,7/7/2012 23:46,Simcoe St / Wellington St W,7057,T01302,M5V2Y9,Subscriber
791317,0h 8m 18s,7/9/2012 9:29,Bremner / Spadina,7073,7/9/2012 9:37,Princess Ave / Adelaide St,7060,T01302,M5V3Z1,Subscriber
792092,17h 9m 43s,7/9/2012 15:11,Princess Ave / Adelaide St,7060,7/10/2012 8:21,University Ave / King St W,7005,T01302,,Casual
795505,0h 4m 29s,7/10/2012 14:24,University Ave / King St W,7005,7/10/2012 14:29,Front St W / Blue Jays Way,7059,T01302,M5V3R7,Subscriber
795527,0h 7m 46s,7/10/2012 14:36,Front St W / Blue Jays Way,7059,7/10/2012 14:44,Bathurst / Queens Quay (Island Airport),7071,T01302,M5V 3W5,Subscriber
795644,0h 29m 50s,7/10/2012 15:23,Bathurst / Queens Quay (Island Airport),7071,7/10/2012 15:53,Bathurst / Queens Quay (Island Airport),7071,T01302,M5V2T8,Subscriber
798372,0h 11m 9s,7/11/2012 8:54,Bathurst / Queens Quay (Island Airport),7071,7/11/2012 9:05,Lower Simcoe St / Lakeshore Blvd W,7043,T01302,M5V 3X1,Subscriber
798453,0h 8m 24s,7/11/2012 9:07,Lower Simcoe St / Lakeshore Blvd W,7043,7/11/2012 9:16,Widmer St / Adelaide St ,7017,T01302,M4L2X7,Subscriber
805345,0h 7m 28s,7/13/2012 1:44,Widmer St / Adelaide St ,7017,7/13/2012 1:52,University Ave / Gerrard St W,7047,T01302,M5G2M4,Subscriber
806159,0h 3m 41s,7/13/2012 10:24,Bremner / Spadina,7073,7/13/2012 10:28,King St W / Spadina Ave,7010,T01302,M5V3V5,Subscriber
806846,0h 4m 25s,7/13/2012 14:18,King St W / Spadina Ave,7010,7/13/2012 14:22,Bremner / Spadina,7073,T01302,M5V3Z1,Subscriber
806882,0h 22m 13s,7/13/2012 14:31,Bremner / Spadina,7073,7/13/2012 14:53,Jarvis St / Isabella St,7031,T01302,M5V3Z1,Subscriber
808106,0h 6m 28s,7/13/2012 19:08,Jarvis St / Isabella St,7031,7/13/2012 19:15,Queens Park / Bloor St W,7063,T01302,M5R 2H6,Subscriber
808958,0h 5m 0s,7/14/2012 2:39,Queens Park / Bloor St W,7063,7/14/2012 2:44,Bay St / College St,7006,T01302,,Casual
809091,0h 21m 16s,7/14/2012 8:23,Bay St / College St,7006,7/14/2012 8:45,York St / Queens Quay W,7076,T01302,,Casual
809938,0h 23m 55s,7/14/2012 13:50,York St / Queens Quay W,7076,7/14/2012 14:14,Bay St / College St,7006,T01302,,Casual
810277,0h 4m 12s,7/14/2012 15:17,Bay St / College St,7006,7/14/2012 15:21,Elizabeth St / Edward St,7012,T01302,M5S 3A6,Subscriber
810440,0h 8m 6s,7/14/2012 15:56,Elizabeth St / Edward St,7012,7/14/2012 16:04,Phoebe St / Spadina Ave,7020,T01302,M5S3L1,Subscriber
810782,0h 15m 15s,7/14/2012 17:13,Phoebe St / Spadina Ave,7020,7/14/2012 17:29,Madison Ave / Bloor St W,7003,T01302,,Casual
811877,2h 21m 27s,7/14/2012 23:59,Spadina Ave / Sussex Ave,7074,7/15/2012 2:21,Spadina Ave / Sussex Ave,7074,T01302,,Casual
813215,0h 2m 58s,7/15/2012 15:48,Spadina Ave / Sussex Ave,7074,7/15/2012 15:51,Willcocks St / St. George St,7066,T01302,,Casual
814483,0h 21m 38s,7/16/2012 8:28,Willcocks St / St. George St,7066,7/16/2012 8:49,Ferry Ramp / Queens Quay W,7016,T01302,M5S 2E5,Subscriber
815481,4h 39m 10s,7/16/2012 14:01,Ferry Ramp / Queens Quay W,7016,7/16/2012 18:40,Granby St / Yonge St,7077,T01302,,Casual
816884,0h 22m 17s,7/16/2012 19:38,Granby St / Yonge St,7077,7/16/2012 20:01,Euclid Ave / Bloor St,7040,T01302,,Casual
817560,0h 14m 32s,7/17/2012 5:41,Euclid Ave / Bloor St,7040,7/17/2012 5:55,Edward St / Yonge St,7041,T01302,M6G 2N8,Subscriber
818777,0h 7m 18s,7/17/2012 12:54,Edward St / Yonge St,7041,7/17/2012 13:02,Church St / Alexander St,7044,T01302,M4Y1B9,Subscriber
818884,0h 5m 58s,7/17/2012 13:39,Church St / Alexander St,7044,7/17/2012 13:45,Edward St / Yonge St,7041,T01302,M4Y1B9,Subscriber
818959,0h 15m 30s,7/17/2012 14:20,Edward St / Yonge St,7041,7/17/2012 14:36,York St / Queens Quay W,7076,T01302,,Casual
825040,0h 9m 19s,7/19/2012 8:51,Wellington St / Portland St,7011,7/19/2012 9:00,College St / Borden St,7023,T01302,M5V2P5,Subscriber
825248,0h 8m 11s,7/19/2012 9:32,College St / Borden St,7023,7/19/2012 9:40,Queen St / Portland St,7049,T01302,,Casual
827176,0h 9m 30s,7/19/2012 18:37,University Ave / Elm St,7004,7/19/2012 18:46,25 York St,7070,T01302,M5G1X5,Subscriber
828359,0h 23m 18s,7/20/2012 8:20,25 York St,7070,7/20/2012 8:43,Church St / Bloor St E,7034,T01302,L6M 2L4,Subscriber
829705,0h 16m 0s,7/20/2012 14:53,Church St / Bloor St E,7034,7/20/2012 15:09,Edward St / Yonge St,7041,T01302,M5J 2Y5,Subscriber
831591,0h 4m 56s,7/20/2012 23:38,Edward St / Yonge St,7041,7/20/2012 23:43,Bay St / St Joseph St,7026,T01302,M1K3N7,Subscriber
831848,0h 7m 40s,7/21/2012 8:08,Bay St / St Joseph St,7026,7/21/2012 8:15,Wellington St W / Bay St,7052,T01302,M4Y2X6,Subscriber
832070,0h 23m 8s,7/21/2012 10:38,Wellington St W / Bay St,7052,7/21/2012 11:01,York St / Queens Quay W,7076,T01302,,Casual
833283,0h 21m 47s,7/21/2012 15:54,York St / Queens Quay W,7076,7/21/2012 16:15,Lower Jarvis St / The Esplanade,7001,T01302,,Casual
833432,0h 5m 36s,7/21/2012 16:31,Lower Jarvis St / The Esplanade,7001,7/21/2012 16:37,Ferry Ramp / Queens Quay W,7016,T01302,M5A 4H2,Subscriber
833811,0h 10m 41s,7/21/2012 18:15,Ferry Ramp / Queens Quay W,7016,7/21/2012 18:25,Dundas / Yonge St.,7038,T01302,M5J2R9,Subscriber
835292,0h 14m 55s,7/22/2012 11:51,Dundas / Yonge St.,7038,7/22/2012 12:06,York St / Queens Quay W,7076,T01302,,Casual
835746,0h 7m 46s,7/22/2012 14:16,York St / Queens Quay W,7076,7/22/2012 14:24,Bremner / Spadina,7073,T01302,,Casual
835942,0h 8m 49s,7/22/2012 15:14,Bremner / Spadina,7073,7/22/2012 15:23,Phoebe St / Spadina Ave,7020,T01302,M5V 3V9,Subscriber
836089,0h 5m 3s,7/22/2012 15:54,Phoebe St / Spadina Ave,7020,7/22/2012 15:59,Beverly  St / Dundas St W,7027,T01302,,Casual
836394,0h 29m 54s,7/22/2012 17:40,Beverly  St / Dundas St W,7027,7/22/2012 18:10,Beverly  St / Dundas St W,7027,T01302,,Casual
836710,0h 8m 43s,7/22/2012 19:42,Beverly  St / Dundas St W,7027,7/22/2012 19:50,Gerrard St E / Church St,7079,T01302,M5B3E8,Subscriber
837034,0h 3m 59s,7/22/2012 23:37,Gerrard St E / Church St,7079,7/22/2012 23:41,Gould St / Mutual St,7028,T01302,M5B2E8,Subscriber
837698,0h 12m 17s,7/23/2012 8:57,Gould St / Mutual St,7028,7/23/2012 9:09,Queen St / Portland St,7049,T01302,,Casual
837801,1h 50m 7s,7/23/2012 9:20,Queen St / Portland St,7049,7/23/2012 11:10,Wellington St / Portland St,7011,T01302,,Casual
838153,0h 5m 28s,7/23/2012 11:54,Wellington St / Portland St,7011,7/23/2012 11:59,Metro Hall Plaza,7053,T01302,M5V0K4,Subscriber
838328,0h 6m 6s,7/23/2012 13:01,Metro Hall Plaza,7053,7/23/2012 13:07,York St / Queens Quay W,7076,T01302,M4Y3B2,Subscriber
843362,0h 28m 12s,7/24/2012 19:11,York St / Queens Quay W,7076,7/24/2012 19:39,Spadina Ave / Sussex Ave,7074,T01302,,Casual
843496,0h 11m 9s,7/24/2012 19:43,Spadina Ave / Sussex Ave,7074,7/24/2012 19:54,Euclid Ave / Bloor St,7040,T01302,,Casual
843936,0h 5m 9s,7/24/2012 21:56,Euclid Ave / Bloor St,7040,7/24/2012 22:02,Bloor St / Brunswick Ave,7061,T01302,M5R1M4,Subscriber
843959,0h 5m 11s,7/24/2012 22:06,Bloor St / Brunswick Ave,7061,7/24/2012 22:11,Queens Park / Bloor St W,7063,T01302,M5R1M4,Subscriber
845513,0h 29m 11s,7/25/2012 12:11,Queens Park / Bloor St W,7063,7/25/2012 12:40,University Ave / King St W,7005,T01302,,Casual
845614,0h 21m 43s,7/25/2012 12:43,University Ave / King St W,7005,7/25/2012 13:05,Bremner Blvd / Rees St,7018,T01302,,Casual
846082,0h 23m 42s,7/25/2012 15:31,Bremner Blvd / Rees St,7018,7/25/2012 15:54,Temperance St / Yonge St,7019,T01302,,Casual
846907,0h 14m 22s,7/25/2012 18:06,Temperance St / Yonge St,7019,7/25/2012 18:21,Bathurst St / Dundas St,7037,T01302,M6G2W8,Subscriber
847678,0h 10m 30s,7/26/2012 6:48,Bathurst St / Dundas St,7037,7/26/2012 6:58,University Ave / King St W,7005,T01302,M5V3Y3,Subscriber
849125,0h 9m 10s,7/26/2012 16:51,University Ave / King St W,7005,7/26/2012 17:00,Bremner / Spadina,7073,T01302,M5V3Y3,Subscriber
849552,0h 2m 40s,7/26/2012 18:15,Bremner / Spadina,7073,7/26/2012 18:17,King St W / Spadina Ave,7010,T01302,M5A0B9,Subscriber
849648,0h 11m 4s,7/26/2012 18:34,King St W / Spadina Ave,7010,7/26/2012 18:45,Edward St / Yonge St,7041,T01302,M5V 3V6,Subscriber
852241,0h 16m 20s,7/27/2012 14:58,Queen St / Ossington Ave,7035,7/27/2012 15:14,Niagara St./Queen W. (Richmond),7046,T01302,M5S 2M7,Subscriber
853346,0h 27m 37s,7/27/2012 18:25,Niagara St./Queen W. (Richmond),7046,7/27/2012 18:52,Sherbourne / Carlton (Allan Gardens),7014,T01302,,Casual
854834,0h 14m 13s,7/28/2012 11:28,Sherbourne / Carlton (Allan Gardens),7014,7/28/2012 11:43,Edward St / Yonge St,7041,T01302,,Casual
855288,0h 20m 38s,7/28/2012 13:20,Edward St / Yonge St,7041,7/28/2012 13:40,Front St W / Blue Jays Way,7059,T01302,,Casual
855671,0h 4m 25s,7/28/2012 14:51,Front St W / Blue Jays Way,7059,7/28/2012 14:55,University Ave / King St W,7005,T01302,M5V 3W6,Subscriber
856439,0h 6m 10s,7/28/2012 18:06,University Ave / King St W,7005,7/28/2012 18:12,Front St W / Blue Jays Way,7059,T01302,M5V 3R7,Subscriber
856697,0h 7m 21s,7/28/2012 19:14,Front St W / Blue Jays Way,7059,7/28/2012 19:21,University Ave / King St W,7005,T01302,M5V 3R7,Subscriber
857083,0h 8m 53s,7/28/2012 21:46,University Ave / King St W,7005,7/28/2012 21:55,Tech Terminal,7033,T01302,ON,Subscriber
857144,0h 15m 33s,7/28/2012 22:18,Tech Terminal,7033,7/28/2012 22:34,Bathurst / Queens Quay (Island Airport),7071,T01302,L5L3E2,Subscriber
857307,0h 9m 2s,7/29/2012 0:16,Bathurst / Queens Quay (Island Airport),7071,7/29/2012 0:25,25 York St,7070,T01302,M5V3R7,Subscriber
857638,0h 5m 31s,7/29/2012 8:40,Wellington St W / Bay St,7052,7/29/2012 8:45,Bremner Blvd / Rees St,7018,T01302,M1P4Z3,Subscriber
858537,0h 5m 16s,7/29/2012 14:31,Bremner Blvd / Rees St,7018,7/29/2012 14:36,25 York St,7070,T01302,,Casual
858988,0h 10m 26s,7/29/2012 16:20,25 York St,7070,7/29/2012 16:30,Dundas / Yonge St.,7038,T01302,ON,Subscriber
859513,0h 12m 3s,7/29/2012 18:35,Dundas / Yonge St.,7038,7/29/2012 18:47,Bremner / Spadina,7073,T01302,M5V3Z1,Subscriber
860120,0h 8m 26s,7/29/2012 22:29,Bremner / Spadina,7073,7/29/2012 22:37,Bathurst / Queens Quay (Island Airport),7071,T01302,M5V1B1,Subscriber
860225,0h 14m 53s,7/29/2012 23:41,Bathurst / Queens Quay (Island Airport),7071,7/29/2012 23:56,Queen St W / Spadina Ave,7069,T01302,M5S 2E5,Subscriber
860274,0h 52m 12s,7/30/2012 0:51,Queen St W / Spadina Ave,7069,7/30/2012 1:43,Ted Rogers Way / Bloor St E,7025,T01302,,Casual
862785,0h 15m 20s,7/30/2012 18:38,Ted Rogers Way / Bloor St E,7025,7/30/2012 18:54,Bay St / Albert St,7021,T01302,M5V2P5,Subscriber
862868,0h 3m 12s,7/30/2012 18:55,Bay St / Albert St,7021,7/30/2012 18:58,Bay St / College St,7006,T01302,M5T2Y8,Subscriber
862905,0h 6m 52s,7/30/2012 19:03,Bay St / College St,7006,7/30/2012 19:10,College St / Major St,7078,T01302,M5S 3A6,Subscriber
863310,0h 9m 55s,7/30/2012 21:22,College St / Major St,7078,7/30/2012 21:32,King St W / Spadina Ave,7010,T01302,M5G2H5,Subscriber
863541,0h 3m 14s,7/31/2012 0:21,King St W / Spadina Ave,7010,7/31/2012 0:24,Wellington St / Portland St,7011,T01302,M5V 1R3,Subscriber
863832,0h 6m 26s,7/31/2012 8:02,Wellington St / Portland St,7011,7/31/2012 8:09,Simcoe St / Wellington St W,7057,T01302,M5V 1C3,Subscriber
864234,0h 10m 14s,7/31/2012 9:03,Simcoe St / Wellington St W,7057,7/31/2012 9:13,College St / Huron St,7007,T01302,L5H 4K2,Subscriber
865176,0h 7m 1s,7/31/2012 16:52,College St / Huron St,7007,7/31/2012 16:59,Bay St / Wellesley St W,7030,T01302,M5T 1L5,Subscriber
866052,0h 6m 53s,7/31/2012 19:45,Bay St / Wellesley St W,7030,7/31/2012 19:52,Willcocks St / St. George St,7066,T01302,M4Y1A5,Subscriber
868602,0h 10m 42s,8/1/2012 16:38,Willcocks St / St. George St,7066,8/1/2012 16:48,Front St W / Blue Jays Way,7059,T01302,M5V 3R5,Subscriber
868671,0h 5m 40s,8/1/2012 16:51,Front St W / Blue Jays Way,7059,8/1/2012 16:57,Wellington St W / Bay St,7052,T01302,M3H3A4,Subscriber
869736,0h 8m 33s,8/1/2012 19:53,Wellington St W / Bay St,7052,8/1/2012 20:02,Edward St / Yonge St,7041,T01302,M5G 2J9,Subscriber
869905,0h 3m 36s,8/1/2012 20:47,Edward St / Yonge St,7041,8/1/2012 20:50,University Ave / Elm St,7004,T01302,M5V2M9,Subscriber
870084,0h 9m 24s,8/1/2012 22:08,University Ave / Elm St,7004,8/1/2012 22:17,Dundas St / Parliament St,7065,T01302,M4S1E6,Subscriber
870636,0h 9m 25s,8/2/2012 8:09,Dundas St / Parliament St,7065,8/2/2012 8:18,Temperance St / Yonge St,7019,T01302,M5A0B9,Subscriber
871469,0h 8m 9s,8/2/2012 12:06,Temperance St / Yonge St,7019,8/2/2012 12:14,Queen St / Portland St,7049,T01302,M5T 1B7,Subscriber
871589,0h 7m 58s,8/2/2012 12:50,Queen St / Portland St,7049,8/2/2012 12:58,Temperance St / Yonge St,7019,T01302,M5T 1B7,Subscriber
871897,0h 13m 36s,8/2/2012 14:39,Temperance St / Yonge St,7019,8/2/2012 14:53,Bay St / Wellesley St W,7030,T01302,M5S3G2,Subscriber
872732,0h 3m 28s,8/2/2012 17:53,Bay St / Wellesley St W,7030,8/2/2012 17:57,Bay St / Bloor St W,7029,T01302,M5G2R2,Subscriber
872944,0h 31m 21s,8/2/2012 18:41,Bay St / Bloor St W,7029,8/2/2012 19:13,Bremner / Spadina,7073,T01302,M5V3Z7,Subscriber
876555,0h 13m 35s,8/3/2012 19:50,Ted Rogers Way / Bloor St E,7025,8/3/2012 20:03,Beverly  St / Dundas St W,7027,T01302,M5E1W5,Subscriber
882581,0h 14m 49s,8/6/2012 16:00,Beverly  St / Dundas St W,7027,8/6/2012 16:15,Scott St / The Esplanade,7013,T01302,M5T1Y2,Subscriber
882862,0h 8m 3s,8/6/2012 17:25,Scott St / The Esplanade,7013,8/6/2012 17:33,York St / Queens Quay W,7076,T01302,M5T1Y2,Subscriber
883420,0h 16m 2s,8/6/2012 19:58,York St / Queens Quay W,7076,8/6/2012 20:14,York St / Queens Quay W,7076,T01302,,Casual
883535,0h 26m 31s,8/6/2012 20:44,York St / Queens Quay W,7076,8/6/2012 21:10,Wellington St / Portland St,7011,T01302,,Casual
884265,0h 7m 42s,8/7/2012 8:24,Wellington St / Portland St,7011,8/7/2012 8:31,University Ave / King St W,7005,T01302,M5V3N5,Subscriber
884579,0h 6m 6s,8/7/2012 9:13,University Ave / King St W,7005,8/7/2012 9:19,Wellington St / Portland St,7011,T01302,M1S1X4,Subscriber
885745,0h 20m 31s,8/7/2012 16:23,Wellington St / Portland St,7011,8/7/2012 16:43,Lower Jarvis St / The Esplanade,7001,T01302,,Casual
887025,0h 19m 53s,8/7/2012 21:12,Lower Jarvis St / The Esplanade,7001,8/7/2012 21:32,Bathurst / Queens Quay (Island Airport),7071,T01302,,Casual
887443,0h 16m 21s,8/8/2012 6:40,Bathurst / Queens Quay (Island Airport),7071,8/8/2012 6:57,Niagara St./Queen W. (Richmond),7046,T01302,M5V 1B7,Subscriber
887660,0h 20m 1s,8/8/2012 8:07,Niagara St./Queen W. (Richmond),7046,8/8/2012 8:27,Bathurst / Queens Quay (Island Airport),7071,T01302,M5V 1B7,Subscriber
887920,0h 11m 37s,8/8/2012 8:46,Bathurst / Queens Quay (Island Airport),7071,8/8/2012 8:58,Simcoe St / Wellington St W,7057,T01302,M5V1B7,Subscriber
891692,0h 4m 43s,8/9/2012 9:35,Jarvis St / Isabella St,7031,8/9/2012 9:40,Jarvis St / Carleton St,7055,T01302,,Casual
891735,0h 5m 58s,8/9/2012 9:50,Jarvis St / Carleton St,7055,8/9/2012 9:56,Bond St / Queen St E,7045,T01302,M5A 4K3,Subscriber
891868,2h 1m 0s,8/9/2012 12:15,Bond St / Queen St E,7045,8/9/2012 14:16,Bond St / Queen St E,7045,T01302,,Casual
893887,0h 13m 34s,8/10/2012 13:54,Bond St / Queen St E,7045,8/10/2012 14:08,Front St W / Blue Jays Way,7059,T01302,M5V3R5,Subscriber
895126,0h 10m 45s,8/10/2012 21:34,Front St W / Blue Jays Way,7059,8/10/2012 21:44,Tech Terminal,7033,T01302,M5V3B6,Subscriber
895805,0h 6m 49s,8/11/2012 12:51,Gould St / Mutual St,7028,8/11/2012 12:58,Bond St / Queen St E,7045,T01302,,Casual
895872,0h 19m 0s,8/11/2012 13:52,Bond St / Queen St E,7045,8/11/2012 14:11,Bay St / Bloor St W,7029,T01302,M5G 1P7,Subscriber
897180,0h 6m 6s,8/12/2012 9:31,Bay St / Bloor St W,7029,8/12/2012 9:37,Willcocks St / St. George St,7066,T01302,M4T 1E5,Subscriber
897347,0h 3m 54s,8/12/2012 11:16,Willcocks St / St. George St,7066,8/12/2012 11:20,University Ave / College St,7062,T01302,,Casual
898108,0h 10m 45s,8/12/2012 15:41,University Ave / College St,7062,8/12/2012 15:52,Dundas / Yonge St.,7038,T01302,,Casual
898198,0h 11m 14s,8/12/2012 16:06,Dundas / Yonge St.,7038,8/12/2012 16:17,Ferry Ramp / Queens Quay W,7016,T01302,,Casual
898905,0h 15m 58s,8/12/2012 21:10,Ferry Ramp / Queens Quay W,7016,8/12/2012 21:26,Front St W / Blue Jays Way,7059,T01302,,Casual
899275,0h 9m 18s,8/13/2012 7:08,Front St W / Blue Jays Way,7059,8/13/2012 7:17,University Ave / Gerrard St W,7047,T01302,M5V 3R7,Subscriber
901101,0h 8m 36s,8/13/2012 16:59,University Ave / Gerrard St W,7047,8/13/2012 17:07,Widmer St / Adelaide St ,7017,T01302,M5V3V1,Subscriber
901482,0h 14m 17s,8/13/2012 17:51,Widmer St / Adelaide St ,7017,8/13/2012 18:05,Church St / Alexander St,7044,T01302,M4Y3B6,Subscriber
901853,0h 5m 17s,8/13/2012 18:59,Church St / Alexander St,7044,8/13/2012 19:04,Dundas / Yonge St.,7038,T01302,M4Y1B6,Subscriber
901879,0h 8m 25s,8/13/2012 19:05,Dundas / Yonge St.,7038,8/13/2012 19:13,King St W / Spadina Ave,7010,T01302,M5V3T9,Subscriber
903464,0h 3m 16s,8/14/2012 11:45,Ted Rogers Way / Bloor St E,7025,8/14/2012 11:48,Navy Wharf Ct. / Bremner Blvd.,7054,T01302,M5V4A2,Subscriber
904060,0h 14m 18s,8/14/2012 16:58,Navy Wharf Ct. / Bremner Blvd.,7054,8/14/2012 17:12,Widmer St / Adelaide St ,7017,T01302,M5A 4H2,Subscriber
904770,0h 28m 9s,8/14/2012 19:01,Widmer St / Adelaide St ,7017,8/14/2012 19:29,Queen St / Portland St,7049,T01302,,Casual
905013,0h 6m 51s,8/14/2012 20:23,Queen St / Portland St,7049,8/14/2012 20:30,College St / Major St,7078,T01302,,Casual
905302,0h 4m 0s,8/14/2012 22:55,College St / Major St,7078,8/14/2012 22:59,Bathurst St / Dundas St,7037,T01302,M6J2K5,Subscriber
906050,0h 15m 32s,8/15/2012 8:51,Bathurst St / Dundas St,7037,8/15/2012 9:07,King St W / Spadina Ave,7010,T01302,M6G3R1,Subscriber
906289,0h 7m 4s,8/15/2012 9:36,King St W / Spadina Ave,7010,8/15/2012 9:43,Princess Ave / Adelaide St,7060,T01302,M5V3Z1,Subscriber
906480,3h 35m 16s,8/15/2012 11:15,Princess Ave / Adelaide St,7060,8/15/2012 14:50,Beverly  St / Dundas St W,7027,T01302,,Casual
907189,0h 5m 35s,8/15/2012 15:37,Beverly  St / Dundas St W,7027,8/15/2012 15:43,Princess Ave / Adelaide St,7060,T01302,,Casual
908135,0h 13m 10s,8/15/2012 18:14,Princess Ave / Adelaide St,7060,8/15/2012 18:28,Bay St / Bloor St W,7029,T01302,M5R 1M6,Subscriber
908236,0h 17m 4s,8/15/2012 18:36,Bay St / Bloor St W,7029,8/15/2012 18:53,25 York St,7070,T01302,,Casual
908706,0h 12m 14s,8/15/2012 20:46,25 York St,7070,8/15/2012 20:58,Queens Quay W / Dan Leckie Way,7075,T01302,M5V3Y6,Subscriber
910532,1h 27m 22s,8/16/2012 13:25,Queens Quay W / Dan Leckie Way,7075,8/16/2012 14:52,Queens Quay W / Dan Leckie Way,7075,T01302,,Casual
912255,0h 22m 0s,8/16/2012 20:22,Queens Quay W / Dan Leckie Way,7075,8/16/2012 20:44,Queens Quay W / Dan Leckie Way,7075,T01302,,Casual
912487,0h 11m 10s,8/16/2012 22:00,Queens Quay W / Dan Leckie Way,7075,8/16/2012 22:11,Dockside Dr / Queens Quay E.,7068,T01302,M5V 3A6,Subscriber
916131,0h 5m 30s,8/17/2012 22:39,University Ave / Elm St,7004,8/17/2012 22:45,Willcocks St / St. George St,7066,T01302,M4Y 1A5,Subscriber
917302,0h 11m 4s,8/18/2012 13:26,College St / Borden St,7023,8/18/2012 13:37,Front St W / Blue Jays Way,7059,T01302,,Casual
917997,0h 7m 50s,8/18/2012 15:49,Front St W / Blue Jays Way,7059,8/18/2012 15:57,Lower Jarvis St / The Esplanade,7001,T01302,M5V 3S6,Subscriber
918368,0h 3m 9s,8/18/2012 17:12,Lower Jarvis St / The Esplanade,7001,8/18/2012 17:15,Yonge St. / Lakeshore Ave. E.,7067,T01302,M5J 1S9,Subscriber
920569,0h 59m 6s,8/19/2012 14:50,Yonge St. / Lakeshore Ave. E.,7067,8/19/2012 15:49,Bathurst / Queens Quay (Island Airport),7071,T01302,,Casual
920983,0h 26m 58s,8/19/2012 16:24,Bathurst / Queens Quay (Island Airport),7071,8/19/2012 16:51,King St W / Bay St,7015,T01302,,Casual
921733,0h 7m 56s,8/19/2012 19:58,King St W / Bay St,7015,8/19/2012 20:05,Wellington St / Portland St,7011,T01302,M5V 2M7,Subscriber
921935,0h 3m 45s,8/19/2012 21:49,Wellington St / Portland St,7011,8/19/2012 21:52,Simcoe St / Wellington St W,7057,T01302,,Casual
924249,0h 14m 7s,8/20/2012 17:15,Simcoe St / Wellington St W,7057,8/20/2012 17:29,Granby St / Yonge St,7077,T01302,L4S1T4,Subscriber
924364,0h 7m 45s,8/20/2012 17:29,Granby St / Yonge St,7077,8/20/2012 17:37,Parliament St / Gerrard St,7056,T01302,M5A4M3,Subscriber
925867,0h 5m 38s,8/21/2012 8:29,Parliament St / Gerrard St,7056,8/21/2012 8:35,Dundas / Yonge St.,7038,T01302,M4M 1W7,Subscriber
927664,0h 7m 12s,8/21/2012 17:23,Dundas / Yonge St.,7038,8/21/2012 17:30,Sherbourne / Carlton (Allan Gardens),7014,T01302,M5A 2E6,Subscriber
932039,0h 5m 6s,8/22/2012 19:11,Sherbourne / Carlton (Allan Gardens),7014,8/22/2012 19:16,Niagara St./Queen W. (Richmond),7046,T01302,M5B 2R9,Subscriber
933878,0h 11m 33s,8/23/2012 11:50,Niagara St./Queen W. (Richmond),7046,8/23/2012 12:02,Beverly  St / Dundas St W,7027,T01302,,Casual
934049,0h 16m 16s,8/23/2012 12:46,Beverly  St / Dundas St W,7027,8/23/2012 13:02,Edward St / Yonge St,7041,T01302,,Casual
934385,0h 7m 59s,8/23/2012 14:29,Edward St / Yonge St,7041,8/23/2012 14:37,Sherbourne St / Wellesley St,7042,T01302,M5R2S8,Subscriber
934433,0h 8m 45s,8/23/2012 14:42,Sherbourne St / Wellesley St,7042,8/23/2012 14:51,Willcocks St / St. George St,7066,T01302,M4X1X8,Subscriber
934641,0h 7m 33s,8/23/2012 15:58,Willcocks St / St. George St,7066,8/23/2012 16:06,Simcoe St / Wellington St W,7057,T01302,K9A 5S2,Subscriber
935189,0h 14m 19s,8/23/2012 17:26,Simcoe St / Wellington St W,7057,8/23/2012 17:40,Niagara St./Queen W. (Richmond),7046,T01302,M5B 2A6,Subscriber
936597,0h 20m 31s,8/24/2012 5:45,Niagara St./Queen W. (Richmond),7046,8/24/2012 6:06,Parliament St / Gerrard St,7056,T01302,M5A3G1,Subscriber
941015,0h 25m 41s,8/25/2012 13:17,Parliament St / Gerrard St,7056,8/25/2012 13:43,Front/Yonge (Hockey Hall of Fame),7048,T01302,,Casual
943314,0h 6m 35s,8/26/2012 10:03,Front/Yonge (Hockey Hall of Fame),7048,8/26/2012 10:10,Simcoe St / Wellington St W,7057,T01302,,Casual
943386,0h 27m 23s,8/26/2012 10:47,Simcoe St / Wellington St W,7057,8/26/2012 11:14,Trinity / Front (Distillery),7064,T01302,,Casual
946339,0h 8m 30s,8/27/2012 10:04,Sherbourne St / Wellesley St,7042,8/27/2012 10:12,University Ave / College St,7062,T01302,M4X 1L9,Subscriber
947096,0h 9m 40s,8/27/2012 17:40,University Ave / College St,7062,8/27/2012 17:50,Richmond St E / Jarvis St,7050,T01302,M5V2L5,Subscriber
947672,0h 9m 8s,8/27/2012 20:07,Richmond St E / Jarvis St,7050,8/27/2012 20:16,Bay St / College St,7006,T01302,M4Y 2X5,Subscriber
947695,0h 7m 2s,8/27/2012 20:20,Bay St / College St,7006,8/27/2012 20:27,Willcocks St / St. George St,7066,T01302,M5G 0A6,Subscriber
947728,0h 9m 52s,8/27/2012 21:01,Willcocks St / St. George St,7066,8/27/2012 21:11,Dundas / Yonge St.,7038,T01302,M5G 0A6,Subscriber
947737,0h 9m 0s,8/27/2012 21:13,Dundas / Yonge St.,7038,8/27/2012 21:22,Sherbourne St / Wellesley St,7042,T01302,M4X 1L1,Subscriber
947813,0h 4m 16s,8/27/2012 22:35,Sherbourne St / Wellesley St,7042,8/27/2012 22:39,Parliament St / Gerrard St,7056,T01302,M5A 4M3,Subscriber
948287,0h 9m 38s,8/28/2012 8:22,Parliament St / Gerrard St,7056,8/28/2012 8:32,University Ave / Gerrard St W,7047,T01302,L5W1E9,Subscriber
948869,0h 5m 50s,8/28/2012 10:42,University Ave / Gerrard St W,7047,8/28/2012 10:48,Gerrard St E / Church St,7079,T01302,L7A3P2,Subscriber
949693,0h 3m 23s,8/28/2012 16:14,Gerrard St E / Church St,7079,8/28/2012 16:17,Edward St / Yonge St,7041,T01302,M5B2M4,Subscriber
950114,0h 19m 3s,8/28/2012 17:26,Edward St / Yonge St,7041,8/28/2012 17:45,King St W / Spadina Ave,7010,T01302,M5G2M4,Subscriber
952348,0h 13m 27s,8/29/2012 11:19,King St W / Spadina Ave,7010,8/29/2012 11:32,St George St / Bloor St W,7002,T01302,M5V3R5,Subscriber
953108,0h 13m 48s,8/29/2012 16:13,St George St / Bloor St W,7002,8/29/2012 16:27,Bathurst St / Dundas St,7037,T01302,,Casual
953964,0h 11m 11s,8/29/2012 18:44,Bathurst St / Dundas St,7037,8/29/2012 18:55,Bathurst / Queens Quay (Island Airport),7071,T01302,M5V 1B7,Subscriber
954664,0h 11m 5s,8/29/2012 23:50,Bathurst / Queens Quay (Island Airport),7071,8/30/2012 0:01,Queen St W / Spadina Ave,7069,T01302,M5V3B9,Subscriber
956476,0h 5m 24s,8/30/2012 15:32,Queen St W / Spadina Ave,7069,8/30/2012 15:38,Simcoe St / Queen St W,7022,T01302,M5V2A5,Subscriber
956713,0h 3m 56s,8/30/2012 16:32,Simcoe St / Queen St W,7022,8/30/2012 16:35,University Ave / Elm St,7004,T01302,,Casual
956791,0h 10m 28s,8/30/2012 16:46,University Ave / Elm St,7004,8/30/2012 16:57,25 York St,7070,T01302,M5A 0E3,Subscriber
956897,0h 17m 0s,8/30/2012 17:02,25 York St,7070,8/30/2012 17:19,College St / Borden St,7023,T01302,M5S 2J6,Subscriber
958997,0h 1m 25s,8/31/2012 9:11,College St / Borden St,7023,8/31/2012 9:12,College St / Major St,7078,T01302,,Casual
959602,0h 6m 36s,8/31/2012 12:59,College St / Major St,7078,8/31/2012 13:06,Madison Ave / Bloor St W,7003,T01302,M5T 1K6,Subscriber
960031,0h 2m 47s,8/31/2012 15:17,Madison Ave / Bloor St W,7003,8/31/2012 15:20,Bloor St / Brunswick Ave,7061,T01302,M5S2N5,Subscriber
960059,0h 18m 32s,8/31/2012 15:26,Bloor St / Brunswick Ave,7061,8/31/2012 15:45,University Ave / King St W,7005,T01302,,Casual
960593,0h 5m 42s,8/31/2012 17:13,University Ave / King St W,7005,8/31/2012 17:19,University Ave / Elm St,7004,T01302,M5T2Y9,Subscriber
960727,0h 4m 37s,8/31/2012 17:39,University Ave / Elm St,7004,8/31/2012 17:44,Simcoe St / Queen St W,7022,T01302,M5H 4C9,Subscriber
961845,0h 19m 26s,9/1/2012 3:31,Simcoe St / Queen St W,7022,9/1/2012 3:50,Gerrard St E / Church St,7079,T01302,,Casual
963481,0h 22m 44s,9/1/2012 17:06,Sherbourne St / Wellesley St,7042,9/1/2012 17:29,Dockside Dr / Queens Quay E.,7068,T01302,,Casual
966942,0h 28m 14s,9/2/2012 18:48,Dockside Dr / Queens Quay E.,7068,9/2/2012 19:17,College St / Major St,7078,T01302,,Casual
967418,0h 6m 30s,9/2/2012 21:49,College St / Major St,7078,9/2/2012 21:56,Queen St / Ossington Ave,7035,T01302,,Casual
968505,0h 14m 54s,9/3/2012 13:26,Queen St / Ossington Ave,7035,9/3/2012 13:41,Bathurst / Queens Quay (Island Airport),7071,T01302,,Casual
970578,0h 8m 37s,9/4/2012 8:32,Front/Yonge (Hockey Hall of Fame),7048,9/4/2012 8:41,Dockside Dr / Queens Quay E.,7068,T01302,L5V1E5,Subscriber
974198,0h 8m 31s,9/5/2012 17:25,Dockside Dr / Queens Quay E.,7068,9/5/2012 17:33,Front/Yonge (Hockey Hall of Fame),7048,T01302,L5V1E5,Subscriber
975927,0h 3m 39s,9/6/2012 8:42,Front/Yonge (Hockey Hall of Fame),7048,9/6/2012 8:46,King St E / Jarvis St,7009,T01302,L5V1H2,Subscriber
976972,0h 9m 52s,9/6/2012 14:25,King St E / Jarvis St,7009,9/6/2012 14:35,Edward St / Yonge St,7041,T01302,,Casual
977397,0h 10m 30s,9/6/2012 16:37,Edward St / Yonge St,7041,9/6/2012 16:48,Bathurst St / Dundas St,7037,T01302,M6J 2K1,Subscriber
979188,0h 5m 12s,9/7/2012 7:12,Willcocks St / St. George St,7066,9/7/2012 7:18,Madison Ave / Bloor St W,7003,T01302,L6C1A1,Subscriber
979397,0h 6m 42s,9/7/2012 8:10,Madison Ave / Bloor St W,7003,9/7/2012 8:17,College St / Huron St,7007,T01302,M8Z1R8,Subscriber
979655,0h 7m 15s,9/7/2012 8:45,College St / Huron St,7007,9/7/2012 8:52,Simcoe St / Queen St W,7022,T01302,M4X 1H5,Subscriber
980187,0h 8m 24s,9/7/2012 11:18,Simcoe St / Queen St W,7022,9/7/2012 11:26,Granby St / Yonge St,7077,T01302,M5J 2C2,Subscriber
982288,0h 3m 47s,9/7/2012 21:11,Granby St / Yonge St,7077,9/7/2012 21:14,Elizabeth St / Edward St,7012,T01302,M5B 1L2,Subscriber
982324,0h 5m 18s,9/7/2012 21:25,Elizabeth St / Edward St,7012,9/7/2012 21:30,Niagara St./Queen W. (Richmond),7046,T01302,M5B 1L2,Subscriber
983384,0h 3m 46s,9/8/2012 16:16,Niagara St./Queen W. (Richmond),7046,9/8/2012 16:20,Richmond St E / Jarvis St,7050,T01302,M5A1P9,Subscriber
983586,0h 9m 30s,9/8/2012 17:11,Richmond St E / Jarvis St,7050,9/8/2012 17:21,Jarvis St / Isabella St,7031,T01302,M5A4S7,Subscriber
983777,0h 9m 32s,9/8/2012 18:22,Jarvis St / Isabella St,7031,9/8/2012 18:31,Temperance St / Yonge St,7019,T01302,M4Y 1T5,Subscriber
986667,0h 29m 37s,9/9/2012 22:30,Temperance St / Yonge St,7019,9/9/2012 22:59,Bathurst St / Dundas St,7037,T01302,,Casual
986958,0h 12m 50s,9/10/2012 7:23,Bathurst St / Dundas St,7037,9/10/2012 7:36,Wellesley St E. / Yonge St,7051,T01302,M5T1B7,Subscriber
987244,0h 19m 7s,9/10/2012 8:25,Wellesley St E. / Yonge St,7051,9/10/2012 8:44,King St W / Spadina Ave,7010,T01302,M4N3J1,Subscriber
987599,0h 8m 5s,9/10/2012 9:15,King St W / Spadina Ave,7010,9/10/2012 9:23,Wellington St W / Bay St,7052,T01302,M5V 1E3,Subscriber
987663,0h 13m 44s,9/10/2012 9:34,Wellington St W / Bay St,7052,9/10/2012 9:48,Willcocks St / St. George St,7066,T01302,L6J6Y4,Subscriber
989653,0h 33m 32s,9/10/2012 18:52,Euclid Ave / Bloor St,7040,9/10/2012 19:26,Dundas / Yonge St.,7038,T01302,,Casual
989788,0h 22m 51s,9/10/2012 19:32,Dundas / Yonge St.,7038,9/10/2012 19:55,Euclid Ave / Bloor St,7040,T01302,,Casual
989881,0h 16m 44s,9/10/2012 20:04,Euclid Ave / Bloor St,7040,9/10/2012 20:21,Sherbourne St / Wellesley St,7042,T01302,,Casual
991409,0h 11m 9s,9/11/2012 10:35,Bay St / Wellesley St W,7030,9/11/2012 10:46,King St W / Spadina Ave,7010,T01302,M5S 3L9,Subscriber
992480,0h 15m 10s,9/11/2012 17:03,Jarvis St / Isabella St,7031,9/11/2012 17:18,Dundas / Yonge St.,7038,T01302,M4Y 1T5,Subscriber
992747,0h 5m 40s,9/11/2012 17:39,Dundas / Yonge St.,7038,9/11/2012 17:45,Dundas St / Parliament St,7065,T01302,M5A3N9,Subscriber
994128,0h 8m 56s,9/12/2012 7:56,Dundas St / Parliament St,7065,9/12/2012 8:05,Temperance St / Yonge St,7019,T01302,M5A0B9,Subscriber
995970,0h 2m 56s,9/12/2012 16:59,Temperance St / Yonge St,7019,9/12/2012 17:02,Front/Yonge (Hockey Hall of Fame),7048,T01302,L6M4S6,Subscriber
997687,0h 14m 14s,9/13/2012 8:03,Front/Yonge (Hockey Hall of Fame),7048,9/13/2012 8:17,Ted Rogers Way / Bloor St E,7025,T01302,N1H 3J6,Subscriber
1000051,0h 12m 11s,9/13/2012 18:17,Ted Rogers Way / Bloor St E,7025,9/13/2012 18:30,College St / Huron St,7007,T01302,M5B2H5,Subscriber
1000138,0h 12m 11s,9/13/2012 18:34,College St / Huron St,7007,9/13/2012 18:46,Granby St / Yonge St,7077,T01302,M5B2K5,Subscriber
1000768,0h 3m 54s,9/13/2012 22:07,Granby St / Yonge St,7077,9/13/2012 22:11,Church St / Alexander St,7044,T01302,M4Y 1B6,Subscriber
1001164,0h 14m 55s,9/14/2012 7:20,Church St / Alexander St,7044,9/14/2012 7:35,Scott St / The Esplanade,7013,T01302,M5A 1J2,Subscriber
1002014,0h 10m 18s,9/14/2012 10:21,Scott St / The Esplanade,7013,9/14/2012 10:31,Jarvis St / Carleton St,7055,T01302,M4Y2V6,Subscriber
1002322,0h 5m 17s,9/14/2012 14:22,Jarvis St / Carleton St,7055,9/14/2012 14:28,Sherbourne St / Wellesley St,7042,T01302,M4X1W7,Subscriber
1003267,0h 3m 6s,9/14/2012 19:58,Sherbourne St / Wellesley St,7042,9/14/2012 20:01,Navy Wharf Ct. / Bremner Blvd.,7054,T01302,M4X 1L1,Subscriber
1004293,0h 18m 29s,9/15/2012 11:18,Navy Wharf Ct. / Bremner Blvd.,7054,9/15/2012 11:37,Simcoe St / Wellington St W,7057,T01302,M4Y 2E4,Subscriber
1004365,0h 8m 29s,9/15/2012 11:42,Simcoe St / Wellington St W,7057,9/15/2012 11:50,Lower Simcoe St / Lakeshore Blvd W,7043,T01302,M4Y 2E4,Subscriber
1005597,1h 1m 8s,9/15/2012 17:38,Lower Simcoe St / Lakeshore Blvd W,7043,9/15/2012 18:39,Bathurst / Queens Quay (Island Airport),7071,T01302,,Casual
1005837,0h 15m 6s,9/15/2012 18:43,Bathurst / Queens Quay (Island Airport),7071,9/15/2012 18:58,Ferry Ramp / Queens Quay W,7016,T01302,,Casual
1005923,0h 35m 34s,9/15/2012 19:15,Ferry Ramp / Queens Quay W,7016,9/15/2012 19:50,Jarvis St / Carleton St,7055,T01302,,Casual
1025829,0h 9m 52s,9/23/2012 11:05,Sherbourne / Carlton (Allan Gardens),7014,9/23/2012 11:15,Dundas / Yonge St.,7038,T01302,,Casual
1026228,0h 10m 5s,9/23/2012 13:56,Dundas / Yonge St.,7038,9/23/2012 14:07,Phoebe St / Spadina Ave,7020,T01302,L5J4J9,Subscriber
1030217,0h 6m 11s,9/25/2012 8:20,Parliament St / Gerrard St,7056,9/25/2012 8:26,Dundas / Yonge St.,7038,T01302,M5A2X5,Subscriber
1031147,0h 2m 42s,9/25/2012 13:11,Dundas / Yonge St.,7038,9/25/2012 13:14,Temperance St / Yonge St,7019,T01302,M5A4P5,Subscriber
1031297,0h 8m 35s,9/25/2012 14:15,Temperance St / Yonge St,7019,9/25/2012 14:23,Lower Jarvis St / The Esplanade,7001,T01302,M5A4P5,Subscriber
1033920,0h 14m 42s,9/26/2012 10:02,Sherbourne St / Wellesley St,7042,9/26/2012 10:17,Lower Jarvis St / The Esplanade,7001,T01302,M5V0C9,Subscriber
1036703,0h 6m 3s,9/27/2012 9:00,Lower Jarvis St / The Esplanade,7001,9/27/2012 9:06,25 York St,7070,T01302,M5A4C9,Subscriber
1040833,0h 3m 37s,9/28/2012 15:42,25 York St,7070,9/28/2012 15:46,Scott St / The Esplanade,7013,T01302,M5V0B5,Subscriber
1041904,0h 3m 20s,9/28/2012 19:46,Scott St / The Esplanade,7013,9/28/2012 19:50,25 York St,7070,T01302,M5V2Y6,Subscriber
1041981,0h 20m 7s,9/28/2012 20:38,25 York St,7070,9/28/2012 20:58,Wellington St / Portland St,7011,T01302,,Casual
1042879,0h 14m 45s,9/29/2012 12:22,Wellington St / Portland St,7011,9/29/2012 12:37,Metro Hall Plaza,7053,T01302,M5V 3X1,Subscriber
1043436,0h 1m 58s,9/29/2012 15:28,Metro Hall Plaza,7053,9/29/2012 15:30,Simcoe St / Wellington St W,7057,T01302,,Casual
1043519,0h 8m 28s,9/29/2012 15:51,Simcoe St / Wellington St W,7057,9/29/2012 16:00,Queen St W / Shaw St,7072,T01302,M5T2M6,Subscriber
1045230,0h 8m 31s,9/30/2012 8:36,Queen St W / Shaw St,7072,9/30/2012 8:45,York St / Queens Quay W,7076,T01302,M5T 2K8,Subscriber
1045723,0h 7m 7s,9/30/2012 13:17,York St / Queens Quay W,7076,9/30/2012 13:24,Bremner / Spadina,7073,T01302,,Casual
1045834,0h 7m 8s,9/30/2012 13:49,Bremner / Spadina,7073,9/30/2012 13:56,Widmer St / Adelaide St ,7017,T01302,,Casual
1050446,0h 2m 36s,10/2/2012 8:46,Sherbourne / Carlton (Allan Gardens),7014,10/2/2012 8:49,Gerrard St E / Church St,7079,T01302,M4X1X4,Subscriber
1051168,0h 14m 43s,10/2/2012 13:18,Gerrard St E / Church St,7079,10/2/2012 13:32,Queen St / Ossington Ave,7035,T01302,ON,Subscriber
1051330,0h 13m 49s,10/2/2012 14:39,Queen St / Ossington Ave,7035,10/2/2012 14:53,Church St / Monteith St ,7058,T01302,M5B 2H9,Subscriber
1051707,0h 7m 8s,10/2/2012 16:44,Church St / Monteith St ,7058,10/2/2012 16:52,Ted Rogers Way / Bloor St E,7025,T01302,M5J 0A7,Subscriber
1052632,0h 14m 35s,10/2/2012 19:42,Ted Rogers Way / Bloor St E,7025,10/2/2012 19:57,Dockside Dr / Queens Quay E.,7068,T01302,M4W 3Y3,Subscriber
1052772,0h 15m 38s,10/2/2012 20:36,Dockside Dr / Queens Quay E.,7068,10/2/2012 20:52,Jarvis St / Isabella St,7031,T01302,M4W 3Y3,Subscriber
1053713,0h 12m 42s,10/3/2012 8:58,Jarvis St / Isabella St,7031,10/3/2012 9:11,Bay St / Albert St,7021,T01302,M4Y 1N8,Subscriber
1054822,0h 10m 21s,10/3/2012 17:13,Bay St / Albert St,7021,10/3/2012 17:24,Bremner / Spadina,7073,T01302,L3P7M4,Subscriber
1056038,0h 7m 17s,10/4/2012 7:38,Bremner / Spadina,7073,10/4/2012 7:45,Temperance St / Yonge St,7019,T01302,M5V3Y3,Subscriber
1057052,0h 15m 17s,10/4/2012 12:30,Temperance St / Yonge St,7019,10/4/2012 12:45,Spadina Ave / Sussex Ave,7074,T01302,M5V 3Y4,Subscriber
1057182,0h 12m 58s,10/4/2012 13:16,Spadina Ave / Sussex Ave,7074,10/4/2012 13:29,Temperance St / Yonge St,7019,T01302,M5V 3Y4,Subscriber
1057670,0h 5m 45s,10/4/2012 16:35,Temperance St / Yonge St,7019,10/4/2012 16:41,Gould St / Mutual St,7028,T01302,,Casual
1058326,0h 14m 0s,10/4/2012 18:37,Gould St / Mutual St,7028,10/4/2012 18:51,Widmer St / Adelaide St ,7017,T01302,M5B2P7,Subscriber
1058636,0h 5m 27s,10/4/2012 20:14,Widmer St / Adelaide St ,7017,10/4/2012 20:19,Augusta Ave / Dundas St W,7032,T01302,M4J1V3,Subscriber
1059307,0h 10m 12s,10/5/2012 8:15,Augusta Ave / Dundas St W,7032,10/5/2012 8:26,Wellington St W / Bay St,7052,T01302,M5J 2Z3,Subscriber
1059502,0h 9m 46s,10/5/2012 8:48,Wellington St W / Bay St,7052,10/5/2012 8:58,Bay St / Wellesley St W,7030,T01302,L4S1A4,Subscriber
1060495,0h 13m 47s,10/5/2012 15:18,Bay St / Wellesley St W,7030,10/5/2012 15:31,Ferry Ramp / Queens Quay W,7016,T01302,M5J2Z3,Subscriber
1062982,0h 10m 12s,10/6/2012 20:06,Ferry Ramp / Queens Quay W,7016,10/6/2012 20:16,Bremner / Spadina,7073,T01302,M5V3Y6,Subscriber
1063091,0h 7m 50s,10/6/2012 22:11,Bremner / Spadina,7073,10/6/2012 22:19,Augusta Ave / Dundas St W,7032,T01302,M5V3Y9,Subscriber
1063849,0h 0m 9s,10/7/2012 16:29,Augusta Ave / Dundas St W,7032,10/7/2012 16:30,Augusta Ave / Dundas St W,7032,T01302,M5B 2R3,Subscriber
1066050,0h 11m 29s,10/9/2012 8:55,Madison Ave / Bloor St W,7003,10/9/2012 9:06,Elizabeth St / Edward St,7012,T01302,L5V2R5,Subscriber
1066771,0h 6m 38s,10/9/2012 15:07,Elizabeth St / Edward St,7012,10/9/2012 15:13,Queens Park Cres E,7008,T01302,M5G1C3,Subscriber
1066801,0h 2m 59s,10/9/2012 15:23,Queens Park Cres E,7008,10/9/2012 15:26,Queens Park / Bloor St W,7063,T01302,M5G1N6,Subscriber
1066890,0h 25m 58s,10/9/2012 16:02,Queens Park / Bloor St W,7063,10/9/2012 16:28,Front/Yonge (Hockey Hall of Fame),7048,T01302,L9K 0G1,Subscriber
1068478,0h 8m 41s,10/10/2012 8:25,Front/Yonge (Hockey Hall of Fame),7048,10/10/2012 8:33,Edward St / Yonge St,7041,T01302,L6H4S3,Subscriber
1069293,0h 3m 28s,10/10/2012 15:24,Edward St / Yonge St,7041,10/10/2012 15:28,Granby St / Yonge St,7077,T01302,M4X 1K3,Subscriber
1070616,0h 7m 53s,10/11/2012 7:09,Granby St / Yonge St,7077,10/11/2012 7:17,Temperance St / Yonge St,7019,T01302,,Casual
1070805,0h 8m 18s,10/11/2012 8:14,Temperance St / Yonge St,7019,10/11/2012 8:22,Queen St W / Shaw St,7072,T01302,,Casual
1071061,0h 5m 54s,10/11/2012 8:58,Queen St W / Shaw St,7072,10/11/2012 9:04,University Ave / King St W,7005,T01302,M5V3N4,Subscriber
1071446,0h 8m 23s,10/11/2012 11:53,University Ave / King St W,7005,10/11/2012 12:01,Bloor St / Yonge St,7026,T01302,,Casual
1072095,0h 3m 49s,10/11/2012 17:13,Bloor St / Yonge St,7026,10/11/2012 17:17,Queens Park / Bloor St W,7063,T01302,L6H 4C4,Subscriber
1072172,0h 17m 5s,10/11/2012 17:28,Queens Park / Bloor St W,7063,10/11/2012 17:45,King St E / Jarvis St,7009,T01302,M5A 4S4,Subscriber
1088479,0h 12m 25s,10/19/2012 13:59,Queen St W / Shaw St,7072,10/19/2012 14:12,College St / Huron St,7007,T01302,,Casual
1088520,0h 12m 14s,10/19/2012 14:16,College St / Huron St,7007,10/19/2012 14:29,Widmer St / Adelaide St ,7017,T01302,,Casual
1088898,0h 4m 17s,10/19/2012 16:44,Widmer St / Adelaide St ,7017,10/19/2012 16:49,Simcoe St / Wellington St W,7057,T01302,L5J3J3,Subscriber
1089245,0h 15m 18s,10/19/2012 17:49,Simcoe St / Wellington St W,7057,10/19/2012 18:04,Dundas St / Parliament St,7065,T01302,M5A0B9,Subscriber
1091097,0h 7m 43s,10/20/2012 17:36,Dundas St / Parliament St,7065,10/20/2012 17:43,Temperance St / Yonge St,7019,T01302,M5A 4M3,Subscriber
1091284,0h 10m 40s,10/20/2012 19:18,Temperance St / Yonge St,7019,10/20/2012 19:29,Bremner / Spadina,7073,T01302,M5V3A6,Subscriber
1091345,0h 2m 18s,10/20/2012 20:02,Bremner / Spadina,7073,10/20/2012 20:05,King St W / Spadina Ave,7010,T01302,M5V3V9,Subscriber
1092016,0h 5m 58s,10/21/2012 12:06,King St W / Spadina Ave,7010,10/21/2012 12:12,Melinda St / Yonge St,7036,T01302,M5E 1A1,Subscriber
1093357,0h 7m 47s,10/22/2012 7:53,Melinda St / Yonge St,7036,10/22/2012 8:00,Tech Terminal,7033,T01302,M6B2N4,Subscriber
1093802,0h 5m 56s,10/22/2012 9:15,Tech Terminal,7033,10/22/2012 9:21,Front/Yonge (Hockey Hall of Fame),7048,T01302,M5A 0B1,Subscriber
1094011,1h 8m 22s,10/22/2012 10:54,Front/Yonge (Hockey Hall of Fame),7048,10/22/2012 12:02,Bremner Blvd / Rees St,7018,T01302,,Casual
1129262,0h 10m 49s,11/13/2012 8:45,Queen St / Ossington Ave,7035,11/13/2012 8:56,Phoebe St / Spadina Ave,7020,T01302,M5T1Y9,Subscriber
1136725,0h 8m 42s,11/16/2012 18:16,Phoebe St / Spadina Ave,7020,11/16/2012 18:24,Niagara St./Queen W. (Richmond),7046,T01302,M4H2Y3,Subscriber
1137030,0h 5m 54s,11/16/2012 21:59,Niagara St./Queen W. (Richmond),7046,11/16/2012 22:05,Church St / Alexander St,7044,T01302,M4H2Y3,Subscriber
1138252,0h 19m 46s,11/17/2012 18:53,Ted Rogers Way / Bloor St E,7025,11/17/2012 19:12,Front St W / Blue Jays Way,7059,T01302,,Casual
1138380,0h 15m 1s,11/17/2012 21:04,Front St W / Blue Jays Way,7059,11/17/2012 21:19,Madison Ave / Bloor St W,7003,T01302,M5V3S2,Subscriber
1139033,0h 2m 23s,11/18/2012 14:46,Madison Ave / Bloor St W,7003,11/18/2012 14:49,Huron St / Harbord St ,7024,T01302,M5R 2W8,Subscriber
1141126,0h 7m 27s,11/19/2012 17:32,Huron St / Harbord St ,7024,11/19/2012 17:40,Bay St / Bloor St W,7029,T01302,M4Y1T5,Subscriber
1141234,0h 14m 15s,11/19/2012 18:03,Bay St / Bloor St W,7029,11/19/2012 18:17,Bathurst St / Dundas St,7037,T01302,M6J2M5,Subscriber
1142357,0h 5m 16s,11/20/2012 9:46,Bathurst St / Dundas St,7037,11/20/2012 9:51,Beverly  St / Dundas St W,7027,T01302,M6J 2X1,Subscriber
1143017,0h 5m 51s,11/20/2012 16:44,Beverly  St / Dundas St W,7027,11/20/2012 16:49,Simcoe St / Wellington St W,7057,T01302,L7L6Y4,Subscriber
1143250,0h 3m 4s,11/20/2012 17:41,Simcoe St / Wellington St W,7057,11/20/2012 17:44,Simcoe St / Queen St W,7022,T01302,M5V3W5,Subscriber
1143476,0h 12m 31s,11/20/2012 19:04,Simcoe St / Queen St W,7022,11/20/2012 19:17,Bathurst / Queens Quay (Island Airport),7071,T01302,M5V3W5,Subscriber
1144300,0h 12m 2s,11/21/2012 8:54,Bathurst / Queens Quay (Island Airport),7071,11/21/2012 9:06,Front/Yonge (Hockey Hall of Fame),7048,T01302,M5V 2Y9,Subscriber
1145429,0h 10m 6s,11/21/2012 17:45,Front/Yonge (Hockey Hall of Fame),7048,11/21/2012 17:55,Bathurst / Queens Quay (Island Airport),7071,T01302,M5V 2Y9,Subscriber
1146478,0h 12m 29s,11/22/2012 9:03,Bathurst / Queens Quay (Island Airport),7071,11/22/2012 9:15,Temperance St / Yonge St,7019,T01302,M5V 2Y9,Subscriber
1149820,0h 10m 8s,11/23/2012 18:02,Temperance St / Yonge St,7019,11/23/2012 18:13,Wellington St / Portland St,7011,T01302,M5V3X1,Subscriber
1149920,0h 12m 30s,11/23/2012 18:50,Wellington St / Portland St,7011,11/23/2012 19:02,St George St / Bloor St W,7002,T01302,,Casual
1150035,0h 6m 37s,11/23/2012 20:29,St George St / Bloor St W,7002,11/23/2012 20:36,Ted Rogers Way / Bloor St E,7025,T01302,M4Y3G5,Subscriber
1150072,0h 8m 44s,11/23/2012 21:16,Ted Rogers Way / Bloor St E,7025,11/23/2012 21:25,King St E / Jarvis St,7009,T01302,M4Y3G5,Subscriber
1150252,0h 4m 20s,11/24/2012 3:23,King St E / Jarvis St,7009,11/24/2012 3:27,Tech Terminal,7033,T01302,,Casual
1150457,0h 6m 54s,11/24/2012 11:25,Tech Terminal,7033,11/24/2012 11:32,Bay St / Albert St,7021,T01302,,Casual
1150866,0h 13m 13s,11/24/2012 16:23,Bay St / Albert St,7021,11/24/2012 16:36,York St / Queens Quay W,7076,T01302,,Casual
1151355,0h 7m 29s,11/25/2012 9:46,York St / Queens Quay W,7076,11/25/2012 9:53,Bay St / Albert St,7021,T01302,M5J2Y2,Subscriber
1155101,0h 9m 33s,11/27/2012 17:00,Bay St / Albert St,7021,11/27/2012 17:10,Bremner / Spadina,7073,T01302,L3P7M4,Subscriber
1155849,0h 11m 47s,11/28/2012 7:07,St George St / Bloor St W,7002,11/28/2012 7:19,Bremner / Spadina,7073,T01302,M5V3Z4,Subscriber
1155867,0h 5m 28s,11/28/2012 7:22,Bremner / Spadina,7073,11/28/2012 7:27,University Ave / King St W,7005,T01302,M5V 3Z1,Subscriber
1156326,0h 5m 36s,11/28/2012 9:39,University Ave / King St W,7005,11/28/2012 9:45,King St W / Spadina Ave,7010,T01302,L6T2P8,Subscriber
1157241,0h 4m 2s,11/28/2012 18:20,King St W / Spadina Ave,7010,11/28/2012 18:24,Phoebe St / Spadina Ave,7020,T01302,ON,Subscriber
1158543,0h 8m 17s,11/29/2012 14:48,Phoebe St / Spadina Ave,7020,11/29/2012 14:56,Temperance St / Yonge St,7019,T01302,M4S1X6,Subscriber
1160192,0h 7m 22s,11/30/2012 13:21,Jarvis St / Isabella St,7031,11/30/2012 13:28,Niagara St./Queen W. (Richmond),7046,T01302,M4Y1M1,Subscriber
1161001,0h 14m 1s,12/1/2012 10:37,Niagara St./Queen W. (Richmond),7046,12/1/2012 10:51,Bloor St / Brunswick Ave,7061,T01302,M4H2Y3,Subscriber
1161219,0h 8m 10s,12/1/2012 14:46,Bloor St / Brunswick Ave,7061,12/1/2012 14:55,Bay St / Wellesley St W,7030,T01302,M4Y1X9,Subscriber
1162452,0h 1m 56s,12/3/2012 8:13,Bay St / Wellesley St W,7030,12/3/2012 8:15,Bay St / College St,7006,T01302,M4Y3G4,Subscriber
1162552,0h 5m 59s,12/3/2012 8:35,Bay St / College St,7006,12/3/2012 8:41,Princess Ave / Adelaide St,7060,T01302,M4Y2X3,Subscriber
1166789,0h 4m 51s,12/5/2012 15:24,Gould St / Mutual St,7028,12/5/2012 15:29,Parliament St / Gerrard St,7056,T01302,M5A2G5,Subscriber
1167020,0h 6m 50s,12/5/2012 17:07,Parliament St / Gerrard St,7056,12/5/2012 17:13,Dundas / Yonge St.,7038,T01302,M5A2G5,Subscriber
1167059,0h 3m 59s,12/5/2012 17:17,Dundas / Yonge St.,7038,12/5/2012 17:21,Gerrard St E / Church St,7079,T01302,L4J 5Z8,Subscriber
1167670,0h 4m 0s,12/6/2012 6:42,Gerrard St E / Church St,7079,12/6/2012 6:46,University Ave / Gerrard St W,7047,T01302,M5B2E8,Subscriber
1167892,0h 14m 27s,12/6/2012 8:35,Bremner / Spadina,7073,12/6/2012 8:49,Queens Park / Bloor St W,7063,T01302,M5V3Y4,Subscriber
1168203,0h 10m 13s,12/6/2012 10:25,Queens Park / Bloor St W,7063,12/6/2012 10:35,Gould St / Mutual St,7028,T01302,M5R 2H6,Subscriber
1168713,0h 11m 29s,12/6/2012 17:08,Gould St / Mutual St,7028,12/6/2012 17:20,Queens Park / Bloor St W,7063,T01302,M5R 2H6,Subscriber
1168765,0h 7m 37s,12/6/2012 17:26,Queens Park / Bloor St W,7063,12/6/2012 17:34,Bay St / Wellesley St W,7030,T01302,M5S3L4,Subscriber
1169431,0h 5m 5s,12/7/2012 7:57,Bay St / Wellesley St W,7030,12/7/2012 8:02,University Ave / Gerrard St W,7047,T01302,M5S 3L4,Subscriber
1169723,0h 13m 22s,12/7/2012 9:08,Bremner / Spadina,7073,12/7/2012 9:22,Edward St / Yonge St,7041,T01302,M5V3Z1,Subscriber
1169840,0h 3m 5s,12/7/2012 10:08,Edward St / Yonge St,7041,12/7/2012 10:11,Bay St / College St,7006,T01302,M5G 1C9,Subscriber
1170190,0h 9m 52s,12/7/2012 15:38,Bay St / College St,7006,12/7/2012 15:47,Huron St / Harbord St ,7024,T01302,M5G0A6,Subscriber
1170426,0h 8m 58s,12/7/2012 17:33,Huron St / Harbord St ,7024,12/7/2012 17:42,Edward St / Yonge St,7041,T01302,M6G2A8,Subscriber
1171290,0h 4m 15s,12/8/2012 18:32,Bay St / Wellesley St W,7030,12/8/2012 18:36,University Ave / Elm St,7004,T01302,M5S3G2,Subscriber
1171907,0h 5m 34s,12/9/2012 17:02,University Ave / Elm St,7004,12/9/2012 17:08,Dundas / Yonge St.,7038,T01302,M5T1K4,Subscriber
1171986,0h 6m 58s,12/9/2012 20:42,Dundas / Yonge St.,7038,12/9/2012 20:49,Parliament St / Gerrard St,7056,T01302,M5A2G5,Subscriber
1172625,0h 6m 15s,12/10/2012 14:38,Parliament St / Gerrard St,7056,12/10/2012 14:45,Dundas / Yonge St.,7038,T01302,M5A2G5,Subscriber
1172661,0h 5m 58s,12/10/2012 15:10,Dundas / Yonge St.,7038,12/10/2012 15:16,University Ave / Gerrard St W,7047,T01302,L5C2N2,Subscriber
1172727,0h 6m 20s,12/10/2012 15:57,University Ave / Gerrard St W,7047,12/10/2012 16:03,Wellington St W / Bay St,7052,T01302,L6H5K5,Subscriber
1172946,0h 16m 53s,12/10/2012 17:20,Wellington St W / Bay St,7052,12/10/2012 17:37,Sherbourne St / Wellesley St,7042,T01302,M4X1G7,Subscriber
1173698,0h 7m 28s,12/11/2012 8:21,Sherbourne St / Wellesley St,7042,12/11/2012 8:29,Edward St / Yonge St,7041,T01302,M4X 1G8,Subscriber
1174908,0h 10m 0s,12/11/2012 19:18,Edward St / Yonge St,7041,12/11/2012 19:28,Bay St / Bloor St W,7029,T01302,M5S 2L3,Subscriber
1175001,0h 13m 44s,12/11/2012 20:25,Bay St / Bloor St W,7029,12/11/2012 20:39,Bathurst St / Dundas St,7037,T01302,M5T 1B7,Subscriber
1177110,0h 6m 26s,12/13/2012 8:28,Bathurst St / Dundas St,7037,12/13/2012 8:34,Elizabeth St / Edward St,7012,T01302,M6J2M5,Subscriber
1178121,0h 8m 17s,12/13/2012 17:47,Elizabeth St / Edward St,7012,12/13/2012 17:55,Bremner Blvd / Rees St,7018,T01302,M5V 3V6,Subscriber
1178763,0h 7m 56s,12/14/2012 8:14,Bremner Blvd / Rees St,7018,12/14/2012 8:22,Simcoe St / Dundas St W,7039,T01302,M5V 3A7,Subscriber
1179359,0h 5m 31s,12/14/2012 13:08,Simcoe St / Dundas St W,7039,12/14/2012 13:14,Bremner Blvd / Rees St,7018,T01302,M5V 3A7,Subscriber
1179448,0h 7m 33s,12/14/2012 14:12,Bremner Blvd / Rees St,7018,12/14/2012 14:20,Simcoe St / Dundas St W,7039,T01302,M5V 3A7,Subscriber
1179780,0h 6m 27s,12/14/2012 17:05,Simcoe St / Dundas St W,7039,12/14/2012 17:12,Bremner Blvd / Rees St,7018,T01302,M5V 3A7,Subscriber
1180272,0h 9m 9s,12/14/2012 23:27,Bremner Blvd / Rees St,7018,12/14/2012 23:36,Elizabeth St / Edward St,7012,T01302,M5V 3V6,Subscriber
1181065,0h 5m 47s,12/16/2012 10:21,Church St / Alexander St,7044,12/16/2012 10:27,Dundas / Yonge St.,7038,T01302,M4Y1B9,Subscriber
1181074,0h 3m 39s,12/16/2012 10:41,Dundas / Yonge St.,7038,12/16/2012 10:45,Granby St / Yonge St,7077,T01302,M4Y1B9,Subscriber
1181118,0h 6m 13s,12/16/2012 12:22,Granby St / Yonge St,7077,12/16/2012 12:29,Navy Wharf Ct. / Bremner Blvd.,7054,T01302,M5B2H9,Subscriber
1181147,0h 9m 47s,12/16/2012 13:54,Navy Wharf Ct. / Bremner Blvd.,7054,12/16/2012 14:04,Parliament St / Gerrard St,7056,T01302,M5B2H9,Subscriber
1183094,0h 9m 57s,12/17/2012 22:42,Parliament St / Gerrard St,7056,12/17/2012 22:52,Lower Jarvis St / The Esplanade,7001,T01302,M5A 4B7,Subscriber
1183407,0h 9m 43s,12/18/2012 8:40,Lower Jarvis St / The Esplanade,7001,12/18/2012 8:50,Dundas St / Parliament St,7065,T01302,M5A 4B7,Subscriber
1183521,0h 8m 3s,12/18/2012 9:02,Dundas St / Parliament St,7065,12/18/2012 9:10,Temperance St / Yonge St,7019,T01302,M5A3N9,Subscriber
1183907,0h 8m 6s,12/18/2012 13:38,Temperance St / Yonge St,7019,12/18/2012 13:46,University Ave / Gerrard St W,7047,T01302,L6X 0S8,Subscriber
1184342,0h 10m 37s,12/18/2012 17:30,University Ave / Gerrard St W,7047,12/18/2012 17:40,Front/Yonge (Hockey Hall of Fame),7048,T01302,L5N 7G4,Subscriber
1193663,0h 1m 45s,1/4/2013 8:11,Simcoe St / Queen St W,7022,1/4/2013 8:12,Simcoe St / Dundas St W,7039,T01302,M5H4C9,Subscriber
1200311,0h 10m 47s,1/10/2013 20:45,Simcoe St / Dundas St W,7039,1/10/2013 20:56,Bay St / Bloor St W,7029,T01302,M5B2P7,Subscriber
1200453,0h 8m 22s,1/11/2013 6:37,Bay St / Bloor St W,7029,1/11/2013 6:46,Wellington St W / Bay St,7052,T01302,,Casual
1200533,0h 7m 28s,1/11/2013 8:20,Wellington St W / Bay St,7052,1/11/2013 8:27,Simcoe St / Dundas St W,7039,T01302,L7L5G8,Subscriber
1200738,0h 6m 51s,1/11/2013 10:39,Simcoe St / Dundas St W,7039,1/11/2013 10:46,Phoebe St / Spadina Ave,7020,T01302,L4J0E9,Subscriber
1201045,0h 6m 34s,1/11/2013 16:35,Phoebe St / Spadina Ave,7020,1/11/2013 16:42,King St W / Bay St,7015,T01302,L7L1X6,Subscriber
1205715,0h 4m 37s,1/15/2013 17:35,Bay St / Bloor St W,7029,1/15/2013 17:39,Bay St / College St,7006,T01302,M5V3Y9,Subscriber
1205747,0h 7m 20s,1/15/2013 17:47,Bay St / College St,7006,1/15/2013 17:54,King St W / Bay St,7015,T01302,N5G1N6,Subscriber
1205911,0h 10m 39s,1/15/2013 19:17,King St W / Bay St,7015,1/15/2013 19:27,Church St / Monteith St ,7058,T01302,M4Y 2W1,Subscriber
1206271,0h 10m 56s,1/16/2013 8:12,Church St / Monteith St ,7058,1/16/2013 8:23,Ferry Ramp / Queens Quay W,7016,T01302,M4Y1B5,Subscriber
1206326,0h 2m 56s,1/16/2013 8:26,Ferry Ramp / Queens Quay W,7016,1/16/2013 8:29,York St / Queens Quay W,7076,T01302,M5J2R9,Subscriber
1206710,0h 31m 40s,1/16/2013 11:10,Bremner / Spadina,7073,1/16/2013 11:42,Madison Ave / Bloor St W,7003,T01302,M5V 3V6,Subscriber
1206746,0h 5m 20s,1/16/2013 11:55,Madison Ave / Bloor St W,7003,1/16/2013 12:00,Queens Park / Bloor St W,7063,T01302,M5R 2Z3,Subscriber
1206887,0h 15m 2s,1/16/2013 14:08,Queens Park / Bloor St W,7063,1/16/2013 14:23,Beverly  St / Dundas St W,7027,T01302,M5R 1S7,Subscriber
1207794,0h 4m 40s,1/17/2013 6:44,Beverly  St / Dundas St W,7027,1/17/2013 6:49,University Ave / Gerrard St W,7047,T01302,M5T 3L2,Subscriber
1208933,0h 11m 37s,1/17/2013 18:38,Huron St / Harbord St ,7024,1/17/2013 18:50,Wellington St W / Bay St,7052,T01302,N3T 5L7,Subscriber
1209165,0h 8m 57s,1/18/2013 8:15,Wellington St W / Bay St,7052,1/18/2013 8:24,Bay St / College St,7006,T01302,L1X 1B9,Subscriber
1209332,0h 6m 37s,1/18/2013 9:27,Bay St / College St,7006,1/18/2013 9:34,Wellington St W / Bay St,7052,T01302,L5K2P7,Subscriber
1209587,0h 5m 5s,1/18/2013 14:59,Wellington St W / Bay St,7052,1/18/2013 15:04,Edward St / Yonge St,7041,T01302,L5C 4N4,Subscriber
1210086,0h 9m 30s,1/19/2013 7:51,Queens Park / Bloor St W,7063,1/19/2013 8:01,Simcoe St / Dundas St W,7039,T01302,M5R 1H4,Subscriber
1211137,0h 5m 8s,1/20/2013 17:22,Simcoe St / Dundas St W,7039,1/20/2013 17:27,Bay St / Albert St,7021,T01302,M5T 3B9,Subscriber
1211176,0h 4m 26s,1/20/2013 18:30,Bay St / Albert St,7021,1/20/2013 18:34,Simcoe St / Dundas St W,7039,T01302,M5T 3B9,Subscriber
1211917,0h 17m 10s,1/21/2013 16:08,Simcoe St / Dundas St W,7039,1/21/2013 16:25,Ted Rogers Way / Bloor St E,7025,T01302,M4W 3Y2,Subscriber
1213393,0h 6m 49s,1/24/2013 8:21,Ted Rogers Way / Bloor St E,7025,1/24/2013 8:28,Bay St / Wellesley St W,7030,T01302,M4W 3Y2,Subscriber
1213766,0h 8m 29s,1/24/2013 16:38,Bay St / Wellesley St W,7030,1/24/2013 16:47,Ted Rogers Way / Bloor St E,7025,T01302,M4W 3Y2,Subscriber
1214177,0h 7m 5s,1/25/2013 8:26,Ted Rogers Way / Bloor St E,7025,1/25/2013 8:34,Bay St / Wellesley St W,7030,T01302,M4W 3Y2,Subscriber
1214472,0h 7m 38s,1/25/2013 13:46,Bay St / Wellesley St W,7030,1/25/2013 13:54,Simcoe St / Dundas St W,7039,T01302,M5A 2W1,Subscriber
1214525,0h 3m 57s,1/25/2013 16:52,Simcoe St / Dundas St W,7039,1/25/2013 16:56,University Ave / Elm St,7004,T01302,M5A 2W1,Subscriber
1214985,0h 6m 28s,1/27/2013 10:57,University Ave / Elm St,7004,1/27/2013 11:04,College St / Major St,7078,T01302,M6J 1N4,Subscriber
1215097,0h 7m 54s,1/27/2013 15:01,College St / Major St,7078,1/27/2013 15:09,King St W / Spadina Ave,7010,T01302,M5V3Y9,Subscriber
1215448,0h 13m 51s,1/28/2013 13:39,Metro Hall Plaza,7053,1/28/2013 13:53,Queens Park / Bloor St W,7063,T01302,L1S3J6,Subscriber
1215487,0h 12m 15s,1/28/2013 15:53,Queens Park / Bloor St W,7063,1/28/2013 16:06,25 York St,7070,T01302,M1C 2X8,Subscriber
1215609,0h 5m 50s,1/28/2013 17:59,25 York St,7070,1/28/2013 18:05,Bremner / Spadina,7073,T01302,M5V 3V5,Subscriber
1215744,0h 8m 9s,1/28/2013 22:14,Bremner / Spadina,7073,1/28/2013 22:22,Queen St / Portland St,7049,T01302,,Casual
1218839,0h 8m 24s,2/1/2013 8:13,Madison Ave / Bloor St W,7003,2/1/2013 8:21,Beverly  St / Dundas St W,7027,T01302,M5R 2R7,Subscriber
1220905,0h 6m 57s,2/4/2013 8:08,Beverly  St / Dundas St W,7027,2/4/2013 8:15,St George St / Bloor St W,7002,T01302,M5T 3L2,Subscriber
1221003,0h 5m 41s,2/4/2013 8:44,St George St / Bloor St W,7002,2/4/2013 8:50,Bay St / Bloor St W,7029,T01302,M5S 2L3,Subscriber
1221145,0h 9m 29s,2/4/2013 10:07,Bay St / Bloor St W,7029,2/4/2013 10:16,Edward St / Yonge St,7041,T01302,M5S 2L3,Subscriber
1221813,0h 5m 56s,2/4/2013 19:37,Edward St / Yonge St,7041,2/4/2013 19:43,University Ave / King St W,7005,T01302,M5G 2G4,Subscriber
1221926,0h 0m 22s,2/4/2013 23:11,University Ave / King St W,7005,2/4/2013 23:11,University Ave / King St W,7005,T01302,K2B5L1,Subscriber
1222498,0h 7m 21s,2/5/2013 13:29,University Ave / King St W,7005,2/5/2013 13:36,Scott St / The Esplanade,7013,T01302,M5V 3P4,Subscriber
1222767,0h 14m 54s,2/5/2013 17:19,Scott St / The Esplanade,7013,2/5/2013 17:34,Church St / Bloor St E,7034,T01302,M5G2R3,Subscriber
1223429,0h 17m 53s,2/6/2013 9:05,Church St / Bloor St E,7034,2/6/2013 9:23,Queen St / Portland St,7049,T01302,M4Y 2W6,Subscriber
1223612,0h 1m 47s,2/6/2013 12:32,Queen St / Portland St,7049,2/6/2013 12:34,Queen St W / Shaw St,7072,T01302,M5V 3B1,Subscriber
1224539,0h 7m 20s,2/7/2013 8:27,Queen St W / Shaw St,7072,2/7/2013 8:35,Temperance St / Yonge St,7019,T01302,M5V3N4,Subscriber
1225809,0h 3m 11s,2/12/2013 11:46,Bay St / Wellesley St W,7030,2/12/2013 11:49,Bay St / Bloor St W,7029,T01302,M6J2T2,Subscriber
1225820,0h 2m 46s,2/12/2013 12:06,Bay St / Bloor St W,7029,2/12/2013 12:09,Bay St / Wellesley St W,7030,T01302,M5A3S2,Subscriber
1225877,0h 3m 45s,2/12/2013 13:18,Bay St / Wellesley St W,7030,2/12/2013 13:21,Bay St / Bloor St W,7029,T01302,M5A3S2,Subscriber
1225971,0h 12m 35s,2/12/2013 15:52,Bay St / Bloor St W,7029,2/12/2013 16:05,Wellington St W / Bay St,7052,T01302,L6A4T7,Subscriber
1226269,0h 4m 11s,2/12/2013 19:06,College St / Huron St,7007,2/12/2013 19:10,Augusta Ave / Dundas St W,7032,T01302,M5T 2V4,Subscriber
1226783,0h 10m 29s,2/13/2013 9:49,Augusta Ave / Dundas St W,7032,2/13/2013 9:59,Niagara St./Queen W. (Richmond),7046,T01302,M5T 1K6,Subscriber
1227117,0h 4m 55s,2/13/2013 16:12,Niagara St./Queen W. (Richmond),7046,2/13/2013 16:17,Granby St / Yonge St,7077,T01302,M4H2Y3,Subscriber
1227732,0h 8m 2s,2/14/2013 7:45,Granby St / Yonge St,7077,2/14/2013 7:53,Willcocks St / St. George St,7066,T01302,M5B1L3,Subscriber
1228401,0h 20m 57s,2/14/2013 17:42,Willcocks St / St. George St,7066,2/14/2013 18:03,Richmond St E / Jarvis St,7050,T01302,M5G 0A6,Subscriber
1229578,0h 4m 36s,2/15/2013 21:50,Richmond St E / Jarvis St,7050,2/15/2013 21:55,Edward St / Yonge St,7041,T01302,M5A4T6,Subscriber
1238078,0h 4m 32s,2/28/2013 17:12,Bay St / Wellesley St W,7030,2/28/2013 17:16,Sherbourne St / Wellesley St,7042,T01302,M5S 3G2,Subscriber
1238259,0h 6m 25s,2/28/2013 20:11,Sherbourne St / Wellesley St,7042,2/28/2013 20:17,Bay St / Wellesley St W,7030,T01302,M5S 3G2,Subscriber
1238721,0h 8m 6s,3/1/2013 9:36,Bay St / Wellesley St W,7030,3/1/2013 9:44,Simcoe St / Queen St W,7022,T01302,M5V 1P9,Subscriber
1238781,0h 22m 16s,3/1/2013 10:47,Simcoe St / Queen St W,7022,3/1/2013 11:09,Front St W / Blue Jays Way,7059,T01302,M6R 1M1,Subscriber
1240686,0h 3m 37s,3/4/2013 8:41,Queen St W / Spadina Ave,7069,3/4/2013 8:45,King St W / Spadina Ave,7010,T01302,M5J2A7,Subscriber
1241734,0h 5m 59s,3/5/2013 7:08,King St W / Spadina Ave,7010,3/5/2013 7:14,King St W / Bay St,7015,T01302,M5V 1Y5,Subscriber
1242507,0h 7m 27s,3/5/2013 16:37,Navy Wharf Ct. / Bremner Blvd.,7054,3/5/2013 16:45,Richmond St E / Jarvis St,7050,T01302,M5C3A5,Subscriber
1243150,0h 8m 1s,3/6/2013 8:06,Richmond St E / Jarvis St,7050,3/6/2013 8:14,Church St / Alexander St,7044,T01302,M5C3A5,Subscriber
1243273,0h 16m 47s,3/6/2013 8:45,Church St / Alexander St,7044,3/6/2013 9:01,King St W / Spadina Ave,7010,T01302,M4Y 1B6,Subscriber
1243390,0h 5m 39s,3/6/2013 9:20,King St W / Spadina Ave,7010,3/6/2013 9:25,Bay St / Albert St,7021,T01302,M5V3T9,Subscriber
1243486,0h 6m 19s,3/6/2013 10:28,Bay St / Albert St,7021,3/6/2013 10:35,King St W / Spadina Ave,7010,T01302,M5V3T9,Subscriber
1243628,0h 6m 56s,3/6/2013 12:56,King St W / Spadina Ave,7010,3/6/2013 13:03,Bay St / Albert St,7021,T01302,M5V3T9,Subscriber
1243992,0h 16m 55s,3/6/2013 17:15,Bay St / Albert St,7021,3/6/2013 17:32,Bathurst / Queens Quay (Island Airport),7071,T01302,M5R2B5,Subscriber
1244642,0h 7m 3s,3/7/2013 8:05,Bathurst / Queens Quay (Island Airport),7071,3/7/2013 8:12,York St / Queens Quay W,7076,T01302,M5J 2B3,Subscriber
1248160,0h 8m 8s,3/9/2013 19:22,Ft. York / Capreol Crt.,7000,3/9/2013 19:30,Queen St / Portland St,7049,T01302,M5V 3Y3,Subscriber
1248180,0h 7m 35s,3/9/2013 19:47,Queen St / Portland St,7049,3/9/2013 19:54,Ft. York / Capreol Crt.,7000,T01302,M5V 3Y3,Subscriber
1249959,0h 18m 20s,3/11/2013 18:29,Ft. York / Capreol Crt.,7000,3/11/2013 18:47,Huron St / Harbord St ,7024,T01302,,Casual
1250098,0h 12m 11s,3/11/2013 21:17,Huron St / Harbord St ,7024,3/11/2013 21:29,Ft. York / Capreol Crt.,7000,T01302,M5V3Y4,Subscriber
1251094,0h 9m 56s,3/12/2013 17:16,College St / Huron St,7007,3/12/2013 17:26,Simcoe St / Wellington St W,7057,T01302,L5H 4K2,Subscriber
1251741,0h 12m 13s,3/13/2013 8:41,Simcoe St / Wellington St W,7057,3/13/2013 8:53,College St / Huron St,7007,T01302,L5H 4K2,Subscriber
1252052,0h 7m 37s,3/13/2013 12:51,College St / Huron St,7007,3/13/2013 12:59,Queen St / Ossington Ave,7035,T01302,N5S 2B4,Subscriber
1255125,0h 9m 0s,3/15/2013 17:30,Queen St / Ossington Ave,7035,3/15/2013 17:39,College St / Huron St,7007,T01302,M5S2R4,Subscriber
1255269,0h 3m 30s,3/15/2013 18:38,College St / Huron St,7007,3/15/2013 18:42,Phoebe St / Spadina Ave,7020,T01302,M5V 3T9,Subscriber
1256134,0h 2m 21s,3/17/2013 8:58,Phoebe St / Spadina Ave,7020,3/17/2013 9:00,Beverly  St / Dundas St W,7027,T01302,L6L 6J4,Subscriber
1256241,0h 9m 42s,3/17/2013 11:59,Beverly  St / Dundas St W,7027,3/17/2013 12:08,Jarvis St / Carleton St,7055,T01302,M4Y2J3,Subscriber
1256798,0h 4m 44s,3/18/2013 7:47,Jarvis St / Carleton St,7055,3/18/2013 7:52,University Ave / Gerrard St W,7047,T01302,M4Y3C1,Subscriber
1256986,0h 8m 35s,3/18/2013 8:58,Bay St / Bloor St W,7029,3/18/2013 9:06,Edward St / Yonge St,7041,T01302,M4J1W9,Subscriber
1257968,0h 11m 6s,3/19/2013 9:26,Bay St / St Joseph St,7026,3/19/2013 9:37,Richmond St E / Jarvis St,7050,T01302,M5S2W8,Subscriber
1258105,0h 4m 0s,3/19/2013 12:55,Richmond St E / Jarvis St,7050,3/19/2013 12:59,Tech Terminal,7033,T01302,M5P 2E8,Subscriber
1258962,0h 10m 32s,3/20/2013 8:55,Tech Terminal,7033,3/20/2013 9:05,Yonge St. / Lakeshore Ave. E.,7067,T01302,M5V3T2,Subscriber
1259755,0h 5m 12s,3/20/2013 18:13,Yonge St. / Lakeshore Ave. E.,7067,3/20/2013 18:19,Bremner Blvd / Rees St,7018,T01302,M5V3V9,Subscriber
1261170,0h 13m 2s,3/21/2013 22:47,Bremner Blvd / Rees St,7018,3/21/2013 23:00,Willcocks St / St. George St,7066,T01302,L3P3E9,Subscriber
1261176,0h 0m 18s,3/21/2013 23:05,Willcocks St / St. George St,7066,3/21/2013 23:05,Willcocks St / St. George St,7066,T01302,M5R2W5,Subscriber
1261178,0h 3m 47s,3/21/2013 23:06,Willcocks St / St. George St,7066,3/21/2013 23:09,Madison Ave / Bloor St W,7003,T01302,M5R2W5,Subscriber
1261521,0h 12m 21s,3/22/2013 8:59,Madison Ave / Bloor St W,7003,3/22/2013 9:12,Elizabeth St / Edward St,7012,T01302,M5R2W8,Subscriber
1262057,0h 11m 20s,3/22/2013 16:15,Elizabeth St / Edward St,7012,3/22/2013 16:27,Lower Jarvis St / The Esplanade,7001,T01302,M5A 4A1,Subscriber
1262975,0h 13m 2s,3/23/2013 14:21,Lower Jarvis St / The Esplanade,7001,3/23/2013 14:34,Bremner Blvd / Rees St,7018,T01302,,Casual
1263025,1h 3m 38s,3/23/2013 15:00,Bremner Blvd / Rees St,7018,3/23/2013 16:04,Bremner Blvd / Rees St,7018,T01302,,Casual
1263896,0h 5m 41s,3/24/2013 14:36,Bremner Blvd / Rees St,7018,3/24/2013 14:42,Bremner / Spadina,7073,T01302,,Casual
1263963,0h 5m 51s,3/24/2013 15:31,Bremner / Spadina,7073,3/24/2013 15:37,Queen St W / Spadina Ave,7069,T01302,M5V3Y9,Subscriber
1263983,0h 9m 8s,3/24/2013 15:48,Queen St W / Spadina Ave,7069,3/24/2013 15:58,Bremner / Spadina,7073,T01302,M5V3Y9,Subscriber
1264436,0h 7m 13s,3/25/2013 8:02,Bremner / Spadina,7073,3/25/2013 8:09,University Ave / King St W,7005,T01302,M5V3Y9,Subscriber
1264769,0h 10m 32s,3/25/2013 9:37,University Ave / King St W,7005,3/25/2013 9:48,Bay St / College St,7006,T01302,M5S 1Z6,Subscriber
1265126,0h 3m 8s,3/25/2013 15:32,Bay St / College St,7006,3/25/2013 15:35,Edward St / Yonge St,7041,T01302,ON,Subscriber
1265254,0h 6m 32s,3/25/2013 16:39,Edward St / Yonge St,7041,3/25/2013 16:45,Beverly  St / Dundas St W,7027,T01302,M5T1B8,Subscriber
1266023,0h 4m 58s,3/26/2013 7:50,Beverly  St / Dundas St W,7027,3/26/2013 7:55,Edward St / Yonge St,7041,T01302,M5T1B8,Subscriber
1266415,0h 10m 52s,3/26/2013 9:38,Edward St / Yonge St,7041,3/26/2013 9:49,Wellesley St W / Queens Park Cres W,7008,T01302,M5G 2G4,Subscriber
1267332,0h 8m 6s,3/26/2013 18:26,Wellesley St W / Queens Park Cres W,7008,3/26/2013 18:34,Sherbourne St / Wellesley St,7042,T01302,M4X1J9,Subscriber
1268000,0h 16m 8s,3/27/2013 8:47,Sherbourne St / Wellesley St,7042,3/27/2013 9:03,Bathurst St / Dundas St,7037,T01302,M4X 1H5,Subscriber
1269162,0h 9m 12s,3/27/2013 20:25,Bathurst St / Dundas St,7037,3/27/2013 20:34,Huron St / Harbord St ,7024,T01302,M1C1L3,Subscriber
1269245,0h 5m 52s,3/27/2013 22:05,Huron St / Harbord St ,7024,3/27/2013 22:11,Euclid Ave / Bloor St,7040,T01302,M5S1J4,Subscriber
1269943,0h 11m 51s,3/28/2013 12:03,Euclid Ave / Bloor St,7040,3/28/2013 12:15,Bay St / Bloor St W,7029,T01302,M4X1W7,Subscriber
1270038,0h 4m 0s,3/28/2013 13:17,Bay St / Bloor St W,7029,3/28/2013 13:21,Ted Rogers Way / Bloor St E,7025,T01302,M4X1W7,Subscriber
1276064,0h 6m 31s,4/2/2013 8:29,Sherbourne / Carlton (Allan Gardens),7014,4/2/2013 8:35,Dundas / Yonge St.,7038,T01302,M5A 2E6,Subscriber
1276684,0h 4m 52s,4/2/2013 16:22,Dundas / Yonge St.,7038,4/2/2013 16:27,Melinda St / Yonge St,7036,T01302,M5V 3M3,Subscriber
1276824,0h 11m 12s,4/2/2013 17:14,Melinda St / Yonge St,7036,4/2/2013 17:25,Wellesley St E. / Yonge St,7051,T01302,M4Y0A2,Subscriber
1277626,0h 9m 1s,4/3/2013 8:44,Wellesley St E. / Yonge St,7051,4/3/2013 8:53,Melinda St / Yonge St,7036,T01302,M4Y0A2,Subscriber
1279993,0h 11m 9s,4/4/2013 16:59,Melinda St / Yonge St,7036,4/4/2013 17:10,Wellesley St E. / Yonge St,7051,T01302,M4Y0A2,Subscriber
1280547,0h 4m 20s,4/4/2013 20:52,Wellesley St E. / Yonge St,7051,4/4/2013 20:56,Edward St / Yonge St,7041,T01302,M4Y 2P7,Subscriber
1280568,0h 4m 33s,4/4/2013 21:08,Edward St / Yonge St,7041,4/4/2013 21:12,University Ave / Gerrard St W,7047,T01302,L5C2N2,Subscriber
1280651,0h 3m 55s,4/4/2013 22:34,University Ave / Gerrard St W,7047,4/4/2013 22:38,Gerrard St E / Church St,7079,T01302,M5B 2E8,Subscriber
1281637,0h 1m 41s,4/5/2013 15:51,Gerrard St E / Church St,7079,4/5/2013 15:52,Granby St / Yonge St,7077,T01302,M5B 1L2,Subscriber
1281826,0h 1m 11s,4/5/2013 17:11,Granby St / Yonge St,7077,4/5/2013 17:12,Gerrard St E / Church St,7079,T01302,M5B 1L2,Subscriber
1283919,0h 6m 35s,4/7/2013 11:48,Sherbourne / Carlton (Allan Gardens),7014,4/7/2013 11:55,Tech Terminal,7033,T01302,M5A 3N2,Subscriber
1284093,0h 9m 13s,4/7/2013 13:34,Tech Terminal,7033,4/7/2013 13:43,Gerrard St E / Church St,7079,T01302,M5A4J3,Subscriber
1284505,0h 21m 8s,4/7/2013 17:29,Gerrard St E / Church St,7079,4/7/2013 17:50,Ferry Ramp / Queens Quay W,7016,T01302,,Casual
1284549,0h 18m 12s,4/7/2013 17:56,Ferry Ramp / Queens Quay W,7016,4/7/2013 18:14,Queens Quay W / Dan Leckie Way,7075,T01302,,Casual
1285231,0h 16m 51s,4/8/2013 8:51,Queens Quay W / Dan Leckie Way,7075,4/8/2013 9:07,University Ave / College St,7062,T01302,M5V3T1,Subscriber
1285497,0h 6m 19s,4/8/2013 11:04,University Ave / College St,7062,4/8/2013 11:11,Queens Park / Bloor St W,7063,T01302,M4V2M4,Subscriber
1285575,0h 20m 43s,4/8/2013 12:04,Queens Park / Bloor St W,7063,4/8/2013 12:25,College St / Major St,7078,T01302,,Casual
1296396,0h 6m 43s,4/17/2013 8:43,Ted Rogers Way / Bloor St E,7025,4/17/2013 8:50,Sherbourne / Carlton (Allan Gardens),7014,T01302,M4Y2J4,Subscriber
1296581,0h 2m 20s,4/17/2013 9:27,Sherbourne / Carlton (Allan Gardens),7014,4/17/2013 9:29,Gerrard St E / Church St,7079,T01302,M5A 2K9,Subscriber
1297325,0h 17m 8s,4/17/2013 16:48,Gerrard St E / Church St,7079,4/17/2013 17:05,Bathurst St / Dundas St,7037,T01302,M5B2E8,Subscriber
1297808,0h 12m 53s,4/17/2013 18:33,Bathurst St / Dundas St,7037,4/17/2013 18:46,Bay St / St Joseph St,7026,T01302,M5B2E8,Subscriber
1297889,0h 15m 58s,4/17/2013 19:06,Bay St / St Joseph St,7026,4/17/2013 19:22,Bremner Blvd / Rees St,7018,T01302,M6H 2V7,Subscriber
1298044,0h 3m 4s,4/17/2013 20:41,Bremner Blvd / Rees St,7018,4/17/2013 20:44,Front St W / Blue Jays Way,7059,T01302,M5V 3V1,Subscriber
1298209,0h 15m 51s,4/18/2013 0:37,Front St W / Blue Jays Way,7059,4/18/2013 0:53,Dundas / Yonge St.,7038,T01302,,Casual
1298403,0h 2m 30s,4/18/2013 8:21,Dundas / Yonge St.,7038,4/18/2013 8:24,Temperance St / Yonge St,7019,T01302,M5G2G5,Subscriber
1302790,0h 10m 29s,4/20/2013 19:41,Temperance St / Yonge St,7019,4/20/2013 19:52,Wellesley St E. / Yonge St,7051,T01302,M5B2P9,Subscriber
1303216,0h 6m 36s,4/21/2013 11:58,Wellesley St E. / Yonge St,7051,4/21/2013 12:05,Edward St / Yonge St,7041,T01302,M4Y1G3,Subscriber
1303395,0h 7m 27s,4/21/2013 14:11,Edward St / Yonge St,7041,4/21/2013 14:18,Wellesley St E. / Yonge St,7051,T01302,M4Y1G3,Subscriber
1304411,0h 12m 29s,4/22/2013 9:04,Wellesley St E. / Yonge St,7051,4/22/2013 9:16,Queen St W / Spadina Ave,7069,T01302,M4Y 2H6,Subscriber
1304500,0h 3m 35s,4/22/2013 9:39,Queen St W / Spadina Ave,7069,4/22/2013 9:42,Simcoe St / Dundas St W,7039,T01302,M6S3H8,Subscriber
1307385,0h 18m 40s,4/23/2013 17:23,Simcoe St / Dundas St W,7039,4/23/2013 17:42,Wellington St W / Bay St,7052,T01302,L7L5G8,Subscriber
1307762,0h 7m 59s,4/23/2013 19:09,Wellington St W / Bay St,7052,4/23/2013 19:17,Bremner / Spadina,7073,T01302,M5V 3M8,Subscriber
1309043,0h 5m 25s,4/24/2013 19:15,Elizabeth St / Edward St,7012,4/24/2013 19:21,Jarvis St / Carleton St,7055,T01302,M4Y3C1,Subscriber
1309058,0h 2m 13s,4/24/2013 19:29,Jarvis St / Carleton St,7055,4/24/2013 19:31,Gerrard St E / Church St,7079,T01302,M4Y3C1,Subscriber
1309767,0h 7m 29s,4/25/2013 9:12,Gerrard St E / Church St,7079,4/25/2013 9:19,Bay St / St Joseph St,7026,T01302,M5S3A6,Subscriber
1309826,0h 3m 44s,4/25/2013 9:32,Bay St / St Joseph St,7026,4/25/2013 9:36,Bay St / College St,7006,T01302,M4Y 1K1,Subscriber
1310087,0h 10m 57s,4/25/2013 12:44,Bay St / College St,7006,4/25/2013 12:55,Phoebe St / Spadina Ave,7020,T01302,M6G 3L3,Subscriber
1319100,0h 12m 33s,4/30/2013 8:43,Sherbourne / Carlton (Allan Gardens),7014,4/30/2013 8:55,Front/Yonge (Hockey Hall of Fame),7048,T01302,M5A2K3,Subscriber
1319287,0h 8m 25s,4/30/2013 9:19,Front/Yonge (Hockey Hall of Fame),7048,4/30/2013 9:28,Gould St / Mutual St,7028,T01302,L6H 6L3,Subscriber
1319597,0h 7m 36s,4/30/2013 12:19,Gould St / Mutual St,7028,4/30/2013 12:26,Front/Yonge (Hockey Hall of Fame),7048,T01302,L6H 6L3,Subscriber
1319686,0h 7m 48s,4/30/2013 13:02,Front/Yonge (Hockey Hall of Fame),7048,4/30/2013 13:10,Niagara St./Queen W. (Richmond),7046,T01302,L6Y5H3,Subscriber
1333930,0h 4m 24s,5/5/2013 14:02,Niagara St./Queen W. (Richmond),7046,5/5/2013 14:06,Dundas St / Parliament St,7065,T01302,M5A0B9,Subscriber
1334491,0h 5m 8s,5/5/2013 16:41,Dundas St / Parliament St,7065,5/5/2013 16:46,Dundas / Yonge St.,7038,T01302,,Casual
1335325,0h 7m 44s,5/5/2013 23:54,Dundas / Yonge St.,7038,5/6/2013 0:01,Wellesley St W / Queens Park Cres W,7008,T01302,M5V 3S1,Subscriber
1335347,0h 8m 18s,5/6/2013 0:49,Wellesley St W / Queens Park Cres W,7008,5/6/2013 0:57,Queen St W / Spadina Ave,7069,T01302,M5V 3S1,Subscriber
1337557,0h 16m 57s,5/6/2013 18:34,Queen St W / Spadina Ave,7069,5/6/2013 18:51,Jarvis St / Isabella St,7031,T01302,M4Y 3C4,Subscriber
1337662,0h 18m 20s,5/6/2013 18:59,Jarvis St / Isabella St,7031,5/6/2013 19:18,Phoebe St / Spadina Ave,7020,T01302,,Casual
1337971,0h 11m 30s,5/6/2013 21:20,Phoebe St / Spadina Ave,7020,5/6/2013 21:31,Euclid Ave / Bloor St,7040,T01302,M6G3H1,Subscriber
1338850,0h 6m 11s,5/7/2013 9:28,Euclid Ave / Bloor St,7040,5/7/2013 9:34,St George St / Bloor St W,7002,T01302,M6G 2T6,Subscriber
1338909,0h 11m 16s,5/7/2013 9:45,St George St / Bloor St W,7002,5/7/2013 9:56,Widmer St / Adelaide St ,7017,T01302,M5S1W8,Subscriber
1340523,0h 2m 15s,5/7/2013 18:57,Widmer St / Adelaide St ,7017,5/7/2013 18:59,King St W / Spadina Ave,7010,T01302,M5V 0B5,Subscriber
1340538,0h 15m 52s,5/7/2013 19:01,King St W / Spadina Ave,7010,5/7/2013 19:17,Queens Park / Bloor St W,7063,T01302,M5R1G4,Subscriber
1340729,0h 5m 4s,5/7/2013 20:01,Queens Park / Bloor St W,7063,5/7/2013 20:06,Bay St / Bloor St W,7029,T01302,M5R1B1,Subscriber
1340917,0h 4m 31s,5/7/2013 21:26,Bay St / Bloor St W,7029,5/7/2013 21:30,Navy Wharf Ct. / Bremner Blvd.,7054,T01302,M4Y1K7,Subscriber
1341149,0h 10m 14s,5/8/2013 5:24,Navy Wharf Ct. / Bremner Blvd.,7054,5/8/2013 5:34,Simcoe St / Wellington St W,7057,T01302,M4Y 1N8,Subscriber
1342182,0h 5m 9s,5/8/2013 12:06,Simcoe St / Wellington St W,7057,5/8/2013 12:11,Bremner / Spadina,7073,T01302,M5V3Y4,Subscriber
1342250,0h 6m 34s,5/8/2013 12:39,Bremner / Spadina,7073,5/8/2013 12:46,Metro Hall Plaza,7053,T01302,M5V 3T5,Subscriber
1342840,0h 12m 0s,5/8/2013 17:00,Metro Hall Plaza,7053,5/8/2013 17:12,Gould St / Mutual St,7028,T01302,M5B2P7,Subscriber
1343170,0h 0m 37s,5/8/2013 17:57,Gould St / Mutual St,7028,5/8/2013 17:57,Gould St / Mutual St,7028,T01302,M4X 1W6,Subscriber
1343304,0h 8m 14s,5/8/2013 18:25,Gould St / Mutual St,7028,5/8/2013 18:33,Sherbourne St / Wellesley St,7042,T01302,M4X 1W6,Subscriber
1344228,0h 17m 28s,5/9/2013 8:26,Sherbourne St / Wellesley St,7042,5/9/2013 8:43,Simcoe St / Wellington St W,7057,T01302,M4Y 2J3,Subscriber
1344345,0h 13m 22s,5/9/2013 8:47,Simcoe St / Wellington St W,7057,5/9/2013 9:00,College St / Huron St,7007,T01302,L9T2Z4,Subscriber
1345133,0h 11m 5s,5/9/2013 15:44,College St / Huron St,7007,5/9/2013 15:55,Ft. York / Capreol Crt.,7000,T01302,M5V3Y3,Subscriber
1346327,0h 6m 2s,5/9/2013 21:34,Wellesley St W / Queens Park Cres W,7008,5/9/2013 21:40,Navy Wharf Ct. / Bremner Blvd.,7054,T01302,M4W3Y1,Subscriber
1346547,0h 13m 34s,5/10/2013 4:08,Navy Wharf Ct. / Bremner Blvd.,7054,5/10/2013 4:22,Widmer St / Adelaide St ,7017,T01302,M4Y 1N5,Subscriber
1347201,0h 7m 53s,5/10/2013 11:43,Widmer St / Adelaide St ,7017,5/10/2013 11:51,Bay St / Albert St,7021,T01302,M5V3P7,Subscriber
1347784,0h 10m 38s,5/10/2013 17:20,Bay St / Albert St,7021,5/10/2013 17:31,College St / Borden St,7023,T01302,M6G 3A6,Subscriber
1347850,0h 7m 19s,5/10/2013 17:34,College St / Borden St,7023,5/10/2013 17:42,Bay St / College St,7006,T01302,M4Y1X9,Subscriber
1347906,0h 3m 31s,5/10/2013 17:54,Bay St / College St,7006,5/10/2013 17:58,University Ave / College St,7062,T01302,M5G 2R3,Subscriber
1347922,0h 4m 47s,5/10/2013 18:06,University Ave / College St,7062,5/10/2013 18:11,Edward St / Yonge St,7041,T01302,M4Y1H5,Subscriber
1348094,0h 4m 50s,5/11/2013 1:37,Edward St / Yonge St,7041,5/11/2013 1:42,Jarvis St / Carleton St,7055,T01302,M5V 2G7,Subscriber
1348657,0h 6m 33s,5/11/2013 13:28,Jarvis St / Carleton St,7055,5/11/2013 13:35,Dundas / Yonge St.,7038,T01302,M5A 2K1,Subscriber
1348868,0h 9m 3s,5/11/2013 15:01,Dundas / Yonge St.,7038,5/11/2013 15:11,Yonge St. / Lakeshore Ave. E.,7067,T01302,M5A1P2,Subscriber
1360764,0h 10m 33s,5/17/2013 7:44,Yonge St. / Lakeshore Ave. E.,7067,5/17/2013 7:55,Wellington St / Portland St,7011,T01302,M6S 5A7,Subscriber
1360922,0h 11m 32s,5/17/2013 8:21,Wellington St / Portland St,7011,5/17/2013 8:33,Wellington St W / Bay St,7052,T01302,M6J3T8,Subscriber
1361640,0h 7m 13s,5/17/2013 12:35,Front St W / Blue Jays Way,7059,5/17/2013 12:42,Phoebe St / Spadina Ave,7020,T01302,M5T2C2,Subscriber
1361878,0h 17m 1s,5/17/2013 14:11,Phoebe St / Spadina Ave,7020,5/17/2013 14:28,Euclid Ave / Bloor St,7040,T01302,,Casual
1362135,0h 9m 40s,5/17/2013 15:49,Euclid Ave / Bloor St,7040,5/17/2013 15:58,College St / Huron St,7007,T01302,,Casual
1362462,0h 11m 18s,5/17/2013 17:07,College St / Huron St,7007,5/17/2013 17:18,Bay St / Bloor St W,7029,T01302,L5H 4K2,Subscriber
1362563,0h 9m 59s,5/17/2013 17:27,Bay St / Bloor St W,7029,5/17/2013 17:37,King St W / Bay St,7015,T01302,L5H 4K2,Subscriber
1363728,0h 28m 43s,5/18/2013 11:16,King St W / Bay St,7015,5/18/2013 11:44,Bremner Blvd / Rees St,7018,T01302,,Casual
1364032,0h 23m 5s,5/18/2013 13:05,Bremner Blvd / Rees St,7018,5/18/2013 13:28,Lower Simcoe St / Lakeshore Blvd W,7043,T01302,,Casual
1364116,0h 17m 40s,5/18/2013 13:31,Lower Simcoe St / Lakeshore Blvd W,7043,5/18/2013 13:49,Melinda St / Yonge St,7036,T01302,,Casual
1364450,0h 7m 55s,5/18/2013 14:56,Melinda St / Yonge St,7036,5/18/2013 15:03,King St W / Spadina Ave,7010,T01302,M5A 4R2,Subscriber
1364802,0h 2m 25s,5/18/2013 16:44,King St W / Spadina Ave,7010,5/18/2013 16:46,Bremner / Spadina,7073,T01302,M5V3Y9,Subscriber
1364878,0h 25m 50s,5/18/2013 17:12,Bremner / Spadina,7073,5/18/2013 17:38,Ft. York / Capreol Crt.,7000,T01302,,Casual
1365201,0h 11m 50s,5/18/2013 19:04,Ft. York / Capreol Crt.,7000,5/18/2013 19:16,Phoebe St / Spadina Ave,7020,T01302,,Casual
1367321,0h 12m 0s,5/19/2013 17:34,Madison Ave / Bloor St W,7003,5/19/2013 17:47,College St / Major St,7078,T01302,,Casual
1369977,0h 4m 10s,5/20/2013 18:09,College St / Major St,7078,5/20/2013 18:13,Bloor St / Brunswick Ave,7061,T01302,M5R2W8,Subscriber
1370472,0h 16m 48s,5/20/2013 22:14,Bloor St / Brunswick Ave,7061,5/20/2013 22:31,Gould St / Mutual St,7028,T01302,,Casual
1371080,0h 11m 53s,5/21/2013 9:01,Gould St / Mutual St,7028,5/21/2013 9:12,Simcoe St / Wellington St W,7057,T01302,M5B2P7,Subscriber
1372753,0h 6m 23s,5/21/2013 19:36,Simcoe St / Wellington St W,7057,5/21/2013 19:42,Beverly  St / Dundas St W,7027,T01302,N1R8C2,Subscriber
1372999,0h 17m 39s,5/21/2013 23:42,Beverly  St / Dundas St W,7027,5/22/2013 0:00,King St W / Bay St,7015,T01302,M2M4H1,Subscriber
1373016,0h 8m 48s,5/22/2013 0:07,King St W / Bay St,7015,5/22/2013 0:16,Bay St / St Joseph St,7026,T01302,M2M4H1,Subscriber
1373345,0h 4m 35s,5/22/2013 8:23,Bay St / St Joseph St,7026,5/22/2013 8:27,Princess Ave / Adelaide St,7060,T01302,,Casual
1373920,0h 6m 31s,5/22/2013 11:01,Princess Ave / Adelaide St,7060,5/22/2013 11:08,Bay St / College St,7006,T01302,,Casual
1373976,0h 11m 40s,5/22/2013 11:45,Bay St / College St,7006,5/22/2013 11:57,Queen St / Portland St,7049,T01302,M5G2J9,Subscriber
1374031,0h 11m 13s,5/22/2013 12:19,Queen St / Portland St,7049,5/22/2013 12:31,Bay St / Wellesley St W,7030,T01302,M5V 2B3,Subscriber
1374321,0h 4m 52s,5/22/2013 14:53,Bay St / Wellesley St W,7030,5/22/2013 14:58,Willcocks St / St. George St,7066,T01302,M5G1N6,Subscriber
1374590,0h 3m 45s,5/22/2013 16:36,Willcocks St / St. George St,7066,5/22/2013 16:40,College St / Major St,7078,T01302,M5R1B1,Subscriber
1374676,0h 7m 58s,5/22/2013 16:58,College St / Major St,7078,5/22/2013 17:06,St George St / Bloor St W,7002,T01302,M6A1X5,Subscriber
1375257,0h 4m 30s,5/22/2013 19:38,St George St / Bloor St W,7002,5/22/2013 19:42,Bay St / Bloor St W,7029,T01302,M5R3C3,Subscriber
1375576,0h 17m 4s,5/22/2013 22:47,Bay St / Bloor St W,7029,5/22/2013 23:04,Ft. York / Capreol Crt.,7000,T01302,M4Y3C3,Subscriber
1375847,0h 4m 53s,5/23/2013 7:43,Ft. York / Capreol Crt.,7000,5/23/2013 7:48,25 York St,7070,T01302,M5V3Y4,Subscriber
1375969,0h 15m 14s,5/23/2013 8:13,25 York St,7070,5/23/2013 8:28,Granby St / Yonge St,7077,T01302,L6J1W3,Subscriber
1376059,0h 18m 3s,5/23/2013 8:31,Granby St / Yonge St,7077,5/23/2013 8:49,Dockside Dr / Queens Quay E.,7068,T01302,M5B2H9,Subscriber
1377675,0h 3m 20s,5/23/2013 18:13,Dockside Dr / Queens Quay E.,7068,5/23/2013 18:17,Ferry Ramp / Queens Quay W,7016,T01302,M5J2G2,Subscriber
1379544,0h 14m 13s,5/24/2013 17:08,Ferry Ramp / Queens Quay W,7016,5/24/2013 17:22,Granby St / Yonge St,7077,T01302,M5B 2J5,Subscriber
1379859,0h 9m 53s,5/24/2013 18:17,Granby St / Yonge St,7077,5/24/2013 18:27,Tech Terminal,7033,T01302,M5A 1K5,Subscriber
1380207,0h 10m 40s,5/24/2013 21:58,Tech Terminal,7033,5/24/2013 22:09,Sherbourne / Carlton (Allan Gardens),7014,T01302,M5A 1K5,Subscriber
1380985,0h 3m 44s,5/25/2013 13:21,Sherbourne / Carlton (Allan Gardens),7014,5/25/2013 13:25,Gerrard St E / Church St,7079,T01302,M4X 1X2,Subscriber
1381284,0h 8m 53s,5/25/2013 14:58,Gerrard St E / Church St,7079,5/25/2013 15:07,Wellesley St W / Queens Park Cres W,7008,T01302,M5G 2J1,Subscriber
1381619,0h 8m 43s,5/25/2013 16:42,Wellesley St W / Queens Park Cres W,7008,5/25/2013 16:51,Gerrard St E / Church St,7079,T01302,M5G 2J1,Subscriber
1382552,0h 36m 58s,5/26/2013 2:59,Gerrard St E / Church St,7079,5/26/2013 3:36,Gould St / Mutual St,7028,T01302,,Casual
1382569,0h 7m 51s,5/26/2013 3:39,Gould St / Mutual St,7028,5/26/2013 3:47,Gould St / Mutual St,7028,T01302,,Casual
1383235,0h 10m 25s,5/26/2013 12:54,Gould St / Mutual St,7028,5/26/2013 13:05,Sherbourne / Carlton (Allan Gardens),7014,T01302,M5B2L2,Subscriber
1383275,3h 29m 3s,5/26/2013 13:11,Sherbourne / Carlton (Allan Gardens),7014,5/26/2013 16:40,Sherbourne / Carlton (Allan Gardens),7014,T01302,,Casual
1385299,0h 5m 9s,5/27/2013 8:35,Sherbourne / Carlton (Allan Gardens),7014,5/27/2013 8:40,Edward St / Yonge St,7041,T01302,M4X 1G8,Subscriber
1386048,0h 3m 59s,5/27/2013 13:12,Edward St / Yonge St,7041,5/27/2013 13:16,University Ave / Elm St,7004,T01302,M6J2P3,Subscriber
1386236,0h 3m 42s,5/27/2013 14:25,University Ave / Elm St,7004,5/27/2013 14:28,Edward St / Yonge St,7041,T01302,M6J2P3,Subscriber
1387253,0h 9m 49s,5/27/2013 18:34,Edward St / Yonge St,7041,5/27/2013 18:44,Bremner Blvd / Rees St,7018,T01302,M4K 1A8,Subscriber
1387720,0h 22m 50s,5/27/2013 21:53,Bremner Blvd / Rees St,7018,5/27/2013 22:16,Bay St / St Joseph St,7026,T01302,M4Y 1R2,Subscriber
1388018,0h 7m 4s,5/28/2013 8:33,Bay St / St Joseph St,7026,5/28/2013 8:40,Temperance St / Yonge St,7019,T01302,M5C1B5,Subscriber
1388267,0h 29m 7s,5/28/2013 13:34,Temperance St / Yonge St,7019,5/28/2013 14:03,Bathurst / Queens Quay (Island Airport),7071,T01302,M5V 3P4,Subscriber
1388482,0h 9m 42s,5/28/2013 16:27,Bathurst / Queens Quay (Island Airport),7071,5/28/2013 16:37,Augusta Ave / Dundas St W,7032,T01302,M5T1N9,Subscriber
1390743,0h 12m 9s,5/29/2013 18:37,Augusta Ave / Dundas St W,7032,5/29/2013 18:49,Dundas St / Parliament St,7065,T01302,M5A4M3,Subscriber
1391538,0h 6m 58s,5/30/2013 7:37,Dundas St / Parliament St,7065,5/30/2013 7:44,Dundas / Yonge St.,7038,T01302,L1S 2K7,Subscriber
1393046,0h 6m 0s,5/30/2013 16:15,Dundas / Yonge St.,7038,5/30/2013 16:21,Front/Yonge (Hockey Hall of Fame),7048,T01302,L5M7Y4,Subscriber
1394668,0h 6m 6s,5/31/2013 7:51,Front/Yonge (Hockey Hall of Fame),7048,5/31/2013 7:57,Gould St / Mutual St,7028,T01302,M4J 1C3,Subscriber
1396033,0h 8m 42s,5/31/2013 16:01,Gould St / Mutual St,7028,5/31/2013 16:10,Front/Yonge (Hockey Hall of Fame),7048,T01302,L6R3M5,Subscriber
1400730,0h 6m 49s,6/3/2013 8:32,Front/Yonge (Hockey Hall of Fame),7048,6/3/2013 8:39,Gould St / Mutual St,7028,T01302,L6H3M2,Subscriber
1401016,0h 11m 6s,6/3/2013 9:38,Gould St / Mutual St,7028,6/3/2013 9:50,Church St / Bloor St E,7034,T01302,M5B2P7,Subscriber
1401219,0h 8m 32s,6/3/2013 11:38,Church St / Bloor St E,7034,6/3/2013 11:47,Dundas St / Parliament St,7065,T01302,M4S1E6,Subscriber
1401250,0h 9m 2s,6/3/2013 11:54,Dundas St / Parliament St,7065,6/3/2013 12:03,Granby St / Yonge St,7077,T01302,M4S1E6,Subscriber
1401437,0h 10m 46s,6/3/2013 13:17,Granby St / Yonge St,7077,6/3/2013 13:28,Dundas St / Parliament St,7065,T01302,M6K2V1,Subscriber
1401747,0h 12m 44s,6/3/2013 15:52,Dundas St / Parliament St,7065,6/3/2013 16:04,Augusta Ave / Dundas St W,7032,T01302,M5A0B9,Subscriber
1402370,0h 10m 58s,6/3/2013 18:04,Augusta Ave / Dundas St W,7032,6/3/2013 18:15,Jarvis St / Carleton St,7055,T01302,ON,Subscriber
1403193,0h 5m 29s,6/4/2013 7:13,Jarvis St / Carleton St,7055,6/4/2013 7:18,King St E / Jarvis St,7009,T01302,M5B2J7,Subscriber
1404515,0h 8m 53s,6/4/2013 15:26,King St E / Jarvis St,7009,6/4/2013 15:35,Jarvis St / Carleton St,7055,T01302,M5B1H6,Subscriber
1406343,0h 12m 17s,6/5/2013 8:18,Jarvis St / Carleton St,7055,6/5/2013 8:30,Queens Park / Bloor St W,7063,T01302,,Casual
1407996,0h 14m 34s,6/5/2013 17:35,Navy Wharf Ct. / Bremner Blvd.,7054,6/5/2013 17:50,Beverly  St / Dundas St W,7027,T01302,M5T1X3,Subscriber
1408779,0h 29m 42s,6/5/2013 22:10,Beverly  St / Dundas St W,7027,6/5/2013 22:39,Augusta Ave / Dundas St W,7032,T01302,M5A4P4,Subscriber
1408813,0h 3m 44s,6/5/2013 22:42,Augusta Ave / Dundas St W,7032,6/5/2013 22:45,King St W / Spadina Ave,7010,T01302,M5A4P4,Subscriber
1408877,0h 12m 30s,6/6/2013 1:29,King St W / Spadina Ave,7010,6/6/2013 1:41,Jarvis St / Carleton St,7055,T01302,M5B 1M5,Subscriber
1409446,0h 12m 43s,6/6/2013 9:09,Jarvis St / Carleton St,7055,6/6/2013 9:22,King St W / Spadina Ave,7010,T01302,M5B 1M5,Subscriber
1409494,0h 3m 45s,6/6/2013 9:27,King St W / Spadina Ave,7010,6/6/2013 9:30,Phoebe St / Spadina Ave,7020,T01302,M5V4A2,Subscriber
1409830,0h 2m 14s,6/6/2013 12:47,St George St / Bloor St W,7002,6/6/2013 12:49,Willcocks St / St. George St,7066,T01302,M4K 1E7,Subscriber
1409980,0h 7m 30s,6/6/2013 14:29,Willcocks St / St. George St,7066,6/6/2013 14:37,Elizabeth St / Edward St,7012,T01302,M5S2E5,Subscriber
1410224,0h 6m 6s,6/6/2013 19:12,Elizabeth St / Edward St,7012,6/6/2013 19:18,Jarvis St / Carleton St,7055,T01302,M4Y3C1,Subscriber
1410449,0h 5m 29s,6/7/2013 6:32,Jarvis St / Carleton St,7055,6/7/2013 6:38,University Ave / Elm St,7004,T01302,M5A3W7,Subscriber
1410980,0h 10m 57s,6/7/2013 9:24,University Ave / Elm St,7004,6/7/2013 9:35,Jarvis St / Isabella St,7031,T01302,M5T 2R5,Subscriber
1411034,0h 9m 45s,6/7/2013 9:41,Jarvis St / Isabella St,7031,6/7/2013 9:51,Tech Terminal,7033,T01302,M4Y1M1,Subscriber
1412449,0h 7m 25s,6/7/2013 18:22,Tech Terminal,7033,6/7/2013 18:29,Front/Yonge (Hockey Hall of Fame),7048,T01302,M5A1S3,Subscriber
1413021,0h 20m 40s,6/7/2013 23:51,Front/Yonge (Hockey Hall of Fame),7048,6/8/2013 0:11,Madison Ave / Bloor St W,7003,T01302,M5R 2S9,Subscriber
1413063,0h 11m 39s,6/8/2013 0:49,Madison Ave / Bloor St W,7003,6/8/2013 1:01,Simcoe St / Queen St W,7022,T01302,M5H4E6,Subscriber
1413149,0h 8m 31s,6/8/2013 3:13,Simcoe St / Queen St W,7022,6/8/2013 3:21,25 York St,7070,T01302,M5J0A7,Subscriber
1417798,0h 15m 39s,6/10/2013 7:52,25 York St,7070,6/10/2013 8:08,Bathurst / Queens Quay (Island Airport),7071,T01302,,Casual
1419186,0h 6m 58s,6/11/2013 9:16,Bathurst / Queens Quay (Island Airport),7071,6/11/2013 9:23,Front St W / Blue Jays Way,7059,T01302,M5V 3W5,Subscriber
1419250,0h 5m 5s,6/11/2013 9:37,Front St W / Blue Jays Way,7059,6/11/2013 9:42,Wellington St W / Bay St,7052,T01302,M5V 3S2,Subscriber
1421235,0h 9m 48s,6/11/2013 21:47,Bloor St / Brunswick Ave,7061,6/11/2013 21:57,Bay St / Wellesley St W,7030,T01302,M5S 3K5,Subscriber
1421390,0h 2m 21s,6/12/2013 0:02,Bay St / Wellesley St W,7030,6/12/2013 0:04,Bay St / College St,7006,T01302,,Casual
1421427,0h 9m 42s,6/12/2013 2:16,Bay St / College St,7006,6/12/2013 2:26,Navy Wharf Ct. / Bremner Blvd.,7054,T01302,M4Y1H5,Subscriber
1421580,0h 10m 37s,6/12/2013 7:35,Navy Wharf Ct. / Bremner Blvd.,7054,6/12/2013 7:46,Yonge St. / Lakeshore Ave. E.,7067,T01302,P3C4K7,Subscriber
1421991,0h 14m 18s,6/12/2013 8:50,Yonge St. / Lakeshore Ave. E.,7067,6/12/2013 9:05,Wellington St / Portland St,7011,T01302,M6S 5A7,Subscriber
1422108,0h 2m 29s,6/12/2013 9:08,Wellington St / Portland St,7011,6/12/2013 9:10,King St W / Spadina Ave,7010,T01302,M5V2P4,Subscriber
1422328,0h 14m 55s,6/12/2013 10:34,King St W / Spadina Ave,7010,6/12/2013 10:48,King St E / Jarvis St,7009,T01302,,Casual
1422381,0h 24m 40s,6/12/2013 11:11,King St E / Jarvis St,7009,6/12/2013 11:36,Bay St / Bloor St W,7029,T01302,,Casual
1422463,0h 23m 6s,6/12/2013 11:52,Bay St / Bloor St W,7029,6/12/2013 12:15,Wellesley St W / Queens Park Cres W,7008,T01302,,Casual
1424294,0h 6m 17s,6/12/2013 22:10,Wellesley St W / Queens Park Cres W,7008,6/12/2013 22:16,St George St / Bloor St W,7002,T01302,W5G 1R1,Subscriber
1424370,0h 21m 22s,6/12/2013 23:33,St George St / Bloor St W,7002,6/12/2013 23:55,Bathurst / Queens Quay (Island Airport),7071,T01302,W5G 1R1,Subscriber
1424806,0h 13m 0s,6/13/2013 10:13,Queens Park / Bloor St W,7063,6/13/2013 10:26,Widmer St / Adelaide St ,7017,T01302,M5R 1H4,Subscriber
1425329,0h 16m 48s,6/13/2013 15:39,Widmer St / Adelaide St ,7017,6/13/2013 15:56,Queens Park / Bloor St W,7063,T01302,M5R 1H4,Subscriber
1425393,0h 12m 29s,6/13/2013 16:04,Queens Park / Bloor St W,7063,6/13/2013 16:17,Front/Yonge (Hockey Hall of Fame),7048,T01302,M1C 2X8,Subscriber
1426645,0h 9m 59s,6/14/2013 8:33,Front/Yonge (Hockey Hall of Fame),7048,6/14/2013 8:43,Granby St / Yonge St,7077,T01302,L5M3Y5,Subscriber
1426726,0h 12m 5s,6/14/2013 8:45,Granby St / Yonge St,7077,6/14/2013 8:57,Simcoe St / Wellington St W,7057,T01302,M4Y 2J3,Subscriber
1427292,0h 42m 48s,6/14/2013 12:02,Niagara St./Queen W. (Richmond),7046,6/14/2013 12:45,Niagara St./Queen W. (Richmond),7046,T01302,,Casual
1427554,0h 12m 21s,6/14/2013 13:33,Niagara St./Queen W. (Richmond),7046,6/14/2013 13:46,University Ave / King St W,7005,T01302,M6J3W5,Subscriber
1427727,0h 9m 47s,6/14/2013 14:38,University Ave / King St W,7005,6/14/2013 14:48,Bay St / St Joseph St,7026,T01302,M2M4H1,Subscriber
1427767,0h 10m 16s,6/14/2013 14:54,Bay St / St Joseph St,7026,6/14/2013 15:05,Simcoe St / Wellington St W,7057,T01302,M2M4H1,Subscriber
1428111,0h 6m 41s,6/14/2013 16:48,Simcoe St / Wellington St W,7057,6/14/2013 16:55,Bremner / Spadina,7073,T01302,M5V3Y4,Subscriber
1428944,0h 16m 11s,6/14/2013 19:59,Bremner / Spadina,7073,6/14/2013 20:15,Bay St / College St,7006,T01302,,Casual
1429525,0h 5m 53s,6/15/2013 2:57,Bay St / College St,7006,6/15/2013 3:03,Sherbourne / Carlton (Allan Gardens),7014,T01302,M5A2K3,Subscriber
1433319,0h 5m 39s,6/16/2013 17:03,Sherbourne / Carlton (Allan Gardens),7014,6/16/2013 17:08,Jarvis St / Carleton St,7055,T01302,M4Y2X3,Subscriber
1433686,0h 5m 58s,6/16/2013 19:13,Jarvis St / Carleton St,7055,6/16/2013 19:19,Wellesley St E. / Yonge St,7051,T01302,,Casual
1434436,0h 3m 15s,6/17/2013 8:06,Wellesley St E. / Yonge St,7051,6/17/2013 8:09,Bay St / College St,7006,T01302,M4X1L1,Subscriber
1434719,0h 8m 39s,6/17/2013 8:54,Bay St / College St,7006,6/17/2013 9:03,Wellington St W / Bay St,7052,T01302,M5S 1Z6,Subscriber
1438918,0h 16m 28s,6/18/2013 16:49,Bay St / Wellesley St W,7030,6/18/2013 17:06,Euclid Ave / Bloor St,7040,T01302,M6G1R1,Subscriber
1439284,0h 19m 48s,6/18/2013 17:54,Euclid Ave / Bloor St,7040,6/18/2013 18:14,Front St W / Blue Jays Way,7059,T01302,M4Y 1N1,Subscriber
1440639,0h 9m 20s,6/19/2013 8:26,Front St W / Blue Jays Way,7059,6/19/2013 8:36,Princess Ave / Adelaide St,7060,T01302,ON,Subscriber
1441953,0h 4m 2s,6/19/2013 16:10,Princess Ave / Adelaide St,7060,6/19/2013 16:14,King St W / Bay St,7015,T01302,,Casual
1442224,0h 6m 47s,6/19/2013 17:05,King St W / Bay St,7015,6/19/2013 17:11,Lower Jarvis St / The Esplanade,7001,T01302,M5A4B5,Subscriber
1442396,0h 13m 8s,6/19/2013 17:26,Lower Jarvis St / The Esplanade,7001,6/19/2013 17:39,Sherbourne St / Wellesley St,7042,T01302,M1R 1H3,Subscriber
1442578,0h 3m 38s,6/19/2013 17:54,Sherbourne St / Wellesley St,7042,6/19/2013 17:58,Wellesley St E. / Yonge St,7051,T01302,M5J3A3,Subscriber
1442654,0h 4m 28s,6/19/2013 18:07,Wellesley St E. / Yonge St,7051,6/19/2013 18:11,Gould St / Mutual St,7028,T01302,M5J3A3,Subscriber
1442759,0h 5m 0s,6/19/2013 18:30,Gould St / Mutual St,7028,6/19/2013 18:35,Wellesley St E. / Yonge St,7051,T01302,M5J3A3,Subscriber
1442854,0h 3m 25s,6/19/2013 18:52,Wellesley St E. / Yonge St,7051,6/19/2013 18:55,Sherbourne St / Wellesley St,7042,T01302,M5J3A3,Subscriber
1443120,0h 6m 34s,6/19/2013 20:28,Sherbourne St / Wellesley St,7042,6/19/2013 20:35,Church St / Alexander St,7044,T01302,,Casual
1443198,0h 6m 35s,6/19/2013 21:01,Church St / Alexander St,7044,6/19/2013 21:08,Sherbourne St / Wellesley St,7042,T01302,,Casual
1445323,0h 19m 34s,6/20/2013 16:35,Jarvis St / Isabella St,7031,6/20/2013 16:55,Augusta Ave / Dundas St W,7032,T01302,,Casual
1445903,0h 18m 19s,6/20/2013 18:19,Augusta Ave / Dundas St W,7032,6/20/2013 18:38,King St W / Spadina Ave,7010,T01302,,Casual
1446022,0h 47m 26s,6/20/2013 18:44,King St W / Spadina Ave,7010,6/20/2013 19:31,York St / Queens Quay W,7076,T01302,,Casual
1446290,0h 46m 58s,6/20/2013 19:53,York St / Queens Quay W,7076,6/20/2013 20:40,Queen St / Ossington Ave,7035,T01302,,Casual
1447350,0h 19m 53s,6/21/2013 8:50,Queen St / Ossington Ave,7035,6/21/2013 9:10,Huron St / Harbord St ,7024,T01302,,Casual
1447528,0h 6m 21s,6/21/2013 9:34,Huron St / Harbord St ,7024,6/21/2013 9:40,Phoebe St / Spadina Ave,7020,T01302,M5R2S9,Subscriber
1449772,0h 9m 4s,6/21/2013 21:23,Phoebe St / Spadina Ave,7020,6/21/2013 21:32,Simcoe St / Wellington St W,7057,T01302,M5J3A4,Subscriber
1450553,1h 47m 43s,6/22/2013 10:57,Simcoe St / Wellington St W,7057,6/22/2013 12:45,Simcoe St / Wellington St W,7057,T01302,,Casual
1450954,0h 10m 30s,6/22/2013 16:19,Simcoe St / Wellington St W,7057,6/22/2013 16:30,Beverly  St / Dundas St W,7027,T01302,,Casual
1451149,0h 13m 0s,6/22/2013 17:31,Beverly  St / Dundas St W,7027,6/22/2013 17:44,College St / Borden St,7023,T01302,,Casual
1451241,0h 17m 20s,6/22/2013 18:14,College St / Borden St,7023,6/22/2013 18:32,Dundas St / Parliament St,7065,T01302,M5A 0B9,Subscriber
1451438,0h 9m 18s,6/22/2013 19:51,Dundas St / Parliament St,7065,6/22/2013 20:00,Simcoe St / Queen St W,7022,T01302,M5A 0B9,Subscriber
1451933,0h 8m 8s,6/23/2013 2:21,Simcoe St / Queen St W,7022,6/23/2013 2:30,Yonge St. / Lakeshore Ave. E.,7067,T01302,M5J2Z3,Subscriber
1452024,2h 44m 31s,6/23/2013 8:01,Yonge St. / Lakeshore Ave. E.,7067,6/23/2013 10:45,Yonge St. / Lakeshore Ave. E.,7067,T01302,,Casual
1454407,0h 8m 48s,6/24/2013 7:37,Sherbourne / Carlton (Allan Gardens),7014,6/24/2013 7:46,Bay St / St Joseph St,7026,T01302,M5A2K5,Subscriber
1454907,0h 7m 10s,6/24/2013 9:27,Bay St / St Joseph St,7026,6/24/2013 9:34,Bay St / Albert St,7021,T01302,M5S 3A3,Subscriber
1457236,0h 8m 46s,6/24/2013 22:51,Bay St / Albert St,7021,6/24/2013 23:00,Scott St / The Esplanade,7013,T01302,M4M1M5,Subscriber
1457492,0h 2m 7s,6/25/2013 7:33,Scott St / The Esplanade,7013,6/25/2013 7:35,Melinda St / Yonge St,7036,T01302,L3T1Z1,Subscriber
1458159,0h 6m 1s,6/25/2013 13:24,Melinda St / Yonge St,7036,6/25/2013 13:30,Simcoe St / Wellington St W,7057,T01302,M4Y3G5,Subscriber
1460974,0h 2m 25s,6/26/2013 11:59,Madison Ave / Bloor St W,7003,6/26/2013 12:02,Huron St / Harbord St ,7024,T01302,G5M2G3,Subscriber
1461998,0h 7m 57s,6/26/2013 17:22,Huron St / Harbord St ,7024,6/26/2013 17:30,Euclid Ave / Bloor St,7040,T01302,,Casual
1462965,0h 14m 58s,6/26/2013 21:54,Euclid Ave / Bloor St,7040,6/26/2013 22:09,Willcocks St / St. George St,7066,T01302,,Casual
1463075,2h 22m 24s,6/26/2013 23:04,Willcocks St / St. George St,7066,6/27/2013 1:26,Willcocks St / St. George St,7066,T01302,,Casual
1463418,0h 14m 5s,6/27/2013 7:35,Willcocks St / St. George St,7066,6/27/2013 7:49,Wellington St W / Bay St,7052,T01302,M5J2T3,Subscriber
1463483,0h 12m 45s,6/27/2013 7:54,Wellington St W / Bay St,7052,6/27/2013 8:06,Bay St / College St,7006,T01302,L1C5C7,Subscriber
1463849,0h 6m 21s,6/27/2013 8:58,Bay St / College St,7006,6/27/2013 9:04,College St / Huron St,7007,T01302,M5G 2R3,Subscriber
1464419,0h 8m 15s,6/27/2013 12:49,College St / Huron St,7007,6/27/2013 12:57,Queen St W / Spadina Ave,7069,T01302,M4Y1N5,Subscriber
1464474,0h 5m 55s,6/27/2013 13:07,Queen St W / Spadina Ave,7069,6/27/2013 13:13,College St / Huron St,7007,T01302,M4Y1N5,Subscriber
1464874,0h 9m 28s,6/27/2013 16:00,College St / Huron St,7007,6/27/2013 16:10,Wellington St W / Bay St,7052,T01302,L7M 2Z2,Subscriber
1465134,0h 14m 18s,6/27/2013 17:06,University Ave / College St,7062,6/27/2013 17:21,Euclid Ave / Bloor St,7040,T01302,M4C 5C1,Subscriber
1465720,0h 17m 40s,6/27/2013 19:06,Euclid Ave / Bloor St,7040,6/27/2013 19:24,King St W / Spadina Ave,7010,T01302,M5R2W8,Subscriber
1465900,0h 16m 18s,6/27/2013 20:12,King St W / Spadina Ave,7010,6/27/2013 20:28,Front/Yonge (Hockey Hall of Fame),7048,T01302,L8S4C7,Subscriber
1466685,0h 12m 29s,6/28/2013 8:53,Front/Yonge (Hockey Hall of Fame),7048,6/28/2013 9:05,Granby St / Yonge St,7077,T01302,L4B4J2,Subscriber
1466798,0h 6m 42s,6/28/2013 9:24,Granby St / Yonge St,7077,6/28/2013 9:31,Melinda St / Yonge St,7036,T01302,M5B1L4,Subscriber
1466936,0h 11m 50s,6/28/2013 10:30,Sherbourne St / Wellesley St,7042,6/28/2013 10:42,Ted Rogers Way / Bloor St E,7025,T01302,M4X1L9,Subscriber
1472320,0h 18m 0s,6/30/2013 21:00,Ted Rogers Way / Bloor St E,7025,6/30/2013 21:18,York St / Queens Quay W,7076,T01302,M2J 2H3,Subscriber
1472408,0h 9m 21s,6/30/2013 21:50,York St / Queens Quay W,7076,6/30/2013 21:59,Bremner / Spadina,7073,T01302,M5V3Z4,Subscriber
1472579,0h 1m 36s,6/30/2013 23:47,Bremner / Spadina,7073,6/30/2013 23:49,Front St W / Blue Jays Way,7059,T01302,M5V3Y3,Subscriber
1476129,0h 5m 1s,7/2/2013 13:51,Church St / Alexander St,7044,7/2/2013 13:56,Richmond St E / Jarvis St,7050,T01302,M4Y1B5,Subscriber
1476776,0h 8m 32s,7/2/2013 17:20,Richmond St E / Jarvis St,7050,7/2/2013 17:29,Wellington St W / Bay St,7052,T01302,L6A0J3,Subscriber
1477190,0h 18m 6s,7/2/2013 18:36,Wellington St W / Bay St,7052,7/2/2013 18:54,College St / Major St,7078,T01302,M5V3P7,Subscriber
1477550,0h 15m 10s,7/2/2013 20:44,College St / Major St,7078,7/2/2013 20:59,Sherbourne St / Wellesley St,7042,T01302,,Casual
1478329,0h 8m 22s,7/3/2013 8:35,Sherbourne St / Wellesley St,7042,7/3/2013 8:44,Bond St / Queen St E,7045,T01302,M4X 1G1,Subscriber
1479688,0h 5m 52s,7/3/2013 16:58,Bond St / Queen St E,7045,7/3/2013 17:04,Tech Terminal,7033,T01302,M5A4S9,Subscriber
1479893,0h 10m 23s,7/3/2013 17:30,Tech Terminal,7033,7/3/2013 17:41,Sherbourne St / Wellesley St,7042,T01302,M1R 1H3,Subscriber
1481202,0h 12m 8s,7/4/2013 8:13,Sherbourne St / Wellesley St,7042,7/4/2013 8:26,Beverly  St / Dundas St W,7027,T01302,M4X1G6,Subscriber
1482003,0h 10m 37s,7/4/2013 15:26,Beverly  St / Dundas St W,7027,7/4/2013 15:37,Bay St / Bloor St W,7029,T01302,M5T2Z2,Subscriber
1482581,0h 19m 19s,7/4/2013 17:34,Bay St / Bloor St W,7029,7/4/2013 17:53,King St W / Spadina Ave,7010,T01302,M5V3Y4,Subscriber
1482741,0h 14m 0s,7/4/2013 18:04,King St W / Spadina Ave,7010,7/4/2013 18:18,Richmond St E / Jarvis St,7050,T01302,L5B3W4,Subscriber
1483340,0h 10m 42s,7/4/2013 21:11,Richmond St E / Jarvis St,7050,7/4/2013 21:22,King St W / Spadina Ave,7010,T01302,L5B3W4,Subscriber
1483716,0h 6m 3s,7/5/2013 6:47,King St W / Spadina Ave,7010,7/5/2013 6:53,King St W / Bay St,7015,T01302,M5V2L5,Subscriber
1484377,0h 6m 53s,7/5/2013 12:14,King St W / Bay St,7015,7/5/2013 12:21,Bay St / College St,7006,T01302,M5G2R2,Subscriber
1484425,0h 3m 56s,7/5/2013 12:35,Bay St / College St,7006,7/5/2013 12:39,Princess Ave / Adelaide St,7060,T01302,M5G0A6,Subscriber
1485194,0h 7m 54s,7/5/2013 18:13,Princess Ave / Adelaide St,7060,7/5/2013 18:21,Bay St / St Joseph St,7026,T01302,M4Y 1R2,Subscriber
1485695,0h 15m 16s,7/5/2013 21:58,Bay St / St Joseph St,7026,7/5/2013 22:13,Metro Hall Plaza,7053,T01302,,Casual
1486964,0h 8m 33s,7/6/2013 14:20,Metro Hall Plaza,7053,7/6/2013 14:29,Princess Ave / Adelaide St,7060,T01302,M4X 1H5,Subscriber
1487152,0h 11m 24s,7/6/2013 15:02,Princess Ave / Adelaide St,7060,7/6/2013 15:14,Sherbourne / Carlton (Allan Gardens),7014,T01302,M4X 1H5,Subscriber
1487407,0h 9m 25s,7/6/2013 16:08,Sherbourne / Carlton (Allan Gardens),7014,7/6/2013 16:18,University Ave / Gerrard St W,7047,T01302,M4Y 1B5,Subscriber
1487670,0h 12m 4s,7/6/2013 17:06,University Ave / Gerrard St W,7047,7/6/2013 17:18,Front St W / Blue Jays Way,7059,T01302,M6G 3Y8,Subscriber
1487844,0h 17m 58s,7/6/2013 17:42,Front St W / Blue Jays Way,7059,7/6/2013 18:00,Elizabeth St / Edward St,7012,T01302,M5V 3R7,Subscriber
1487927,0h 18m 53s,7/6/2013 18:05,Elizabeth St / Edward St,7012,7/6/2013 18:24,Bremner / Spadina,7073,T01302,,Casual
1488024,0h 33m 22s,7/6/2013 18:28,Bremner / Spadina,7073,7/6/2013 19:02,Bremner / Spadina,7073,T01302,,Casual
1488306,0h 23m 34s,7/6/2013 20:07,Bremner / Spadina,7073,7/6/2013 20:31,Ft. York / Capreol Crt.,7000,T01302,,Casual
1489177,0h 12m 2s,7/7/2013 11:15,Ft. York / Capreol Crt.,7000,7/7/2013 11:27,Queen St / Ossington Ave,7035,T01302,M5E 2A1,Subscriber
1489275,0h 18m 11s,7/7/2013 12:03,Queen St / Ossington Ave,7035,7/7/2013 12:21,Bay St / College St,7006,T01302,,Casual
1489356,0h 6m 36s,7/7/2013 12:33,Bay St / College St,7006,7/7/2013 12:39,College St / Huron St,7007,T01302,M5G2R3,Subscriber
1490074,0h 11m 16s,7/7/2013 18:04,College St / Huron St,7007,7/7/2013 18:16,Wellesley St E. / Yonge St,7051,T01302,L4K 3H2,Subscriber
1492607,0h 5m 35s,7/9/2013 8:19,Wellesley St E. / Yonge St,7051,7/9/2013 8:24,Willcocks St / St. George St,7066,T01302,M4Y2J3,Subscriber
1492656,0h 12m 36s,7/9/2013 8:37,Willcocks St / St. George St,7066,7/9/2013 8:50,Wellington St W / Bay St,7052,T01302,M5T2A2,Subscriber
1492907,0h 12m 11s,7/9/2013 9:49,Wellington St W / Bay St,7052,7/9/2013 10:01,University Ave / College St,7062,T01302,L5M4X1,Subscriber
1493223,0h 7m 22s,7/9/2013 12:59,Jarvis St / Carleton St,7055,7/9/2013 13:07,Bay St / Bloor St W,7029,T01302,M5B 2J7,Subscriber
1493278,0h 22m 36s,7/9/2013 13:19,Bay St / Bloor St W,7029,7/9/2013 13:42,Queen St / Portland St,7049,T01302,M5T1B7,Subscriber
1493384,0h 16m 33s,7/9/2013 14:09,Queen St / Portland St,7049,7/9/2013 14:25,Scott St / The Esplanade,7013,T01302,M5E 1W5,Subscriber
1493443,0h 28m 39s,7/9/2013 14:41,Scott St / The Esplanade,7013,7/9/2013 15:09,Ferry Ramp / Queens Quay W,7016,T01302,,Casual
1496202,0h 9m 30s,7/10/2013 12:28,Queens Park / Bloor St W,7063,7/10/2013 12:37,College St / Major St,7078,T01302,ON,Subscriber
1496578,0h 16m 5s,7/10/2013 15:25,College St / Major St,7078,7/10/2013 15:41,Navy Wharf Ct. / Bremner Blvd.,7054,T01302,M4Y1L5,Subscriber
1497426,0h 12m 55s,7/10/2013 18:29,Navy Wharf Ct. / Bremner Blvd.,7054,7/10/2013 18:42,King St E / Jarvis St,7009,T01302,M5A4S9,Subscriber
1498075,0h 17m 11s,7/10/2013 23:32,King St E / Jarvis St,7009,7/10/2013 23:49,York St / Queens Quay W,7076,T01302,M5J2Y5,Subscriber
1498390,0h 5m 33s,7/11/2013 7:58,York St / Queens Quay W,7076,7/11/2013 8:03,Wellington St W / Bay St,7052,T01302,M5J 2Y2,Subscriber
1498453,0h 10m 48s,7/11/2013 8:09,Wellington St W / Bay St,7052,7/11/2013 8:20,Bay St / Wellesley St W,7030,T01302,L1Z 1M9,Subscriber
1498726,0h 10m 3s,7/11/2013 8:51,Bay St / Wellesley St W,7030,7/11/2013 9:01,25 York St,7070,T01302,M5S 3G2,Subscriber
1498824,0h 19m 48s,7/11/2013 9:08,25 York St,7070,7/11/2013 9:28,Queens Park / Bloor St W,7063,T01302,M5J3A4,Subscriber
1499088,0h 6m 9s,7/11/2013 10:33,Queens Park / Bloor St W,7063,7/11/2013 10:39,Ted Rogers Way / Bloor St E,7025,T01302,M2J 2H3,Subscriber
1499172,0h 17m 27s,7/11/2013 11:22,Ted Rogers Way / Bloor St E,7025,7/11/2013 11:40,York St / Queens Quay W,7076,T01302,M2J 2H3,Subscriber
1501663,0h 11m 15s,7/12/2013 7:44,York St / Queens Quay W,7076,7/12/2013 7:56,Granby St / Yonge St,7077,T01302,M5J2H2,Subscriber
1502315,0h 4m 33s,7/12/2013 10:22,Granby St / Yonge St,7077,7/12/2013 10:26,University Ave / Elm St,7004,T01302,M4Y 1B5,Subscriber
1503179,0h 9m 39s,7/12/2013 15:52,University Ave / Elm St,7004,7/12/2013 16:02,Sherbourne St / Wellesley St,7042,T01302,,Casual
1504547,0h 33m 12s,7/12/2013 21:58,Gould St / Mutual St,7028,7/12/2013 22:31,Front St W / Blue Jays Way,7059,T01302,,Casual
1504606,0h 27m 38s,7/12/2013 22:35,Front St W / Blue Jays Way,7059,7/12/2013 23:03,York St / Queens Quay W,7076,T01302,,Casual
1505350,0h 30m 17s,7/13/2013 11:42,York St / Queens Quay W,7076,7/13/2013 12:13,Augusta Ave / Dundas St W,7032,T01302,,Casual
1505822,0h 12m 53s,7/13/2013 13:57,Augusta Ave / Dundas St W,7032,7/13/2013 14:10,King St W / Bay St,7015,T01302,,Casual
1506012,0h 13m 50s,7/13/2013 14:43,King St W / Bay St,7015,7/13/2013 14:57,Queens Park / Bloor St W,7063,T01302,M5R 1M6,Subscriber
1506253,0h 13m 9s,7/13/2013 15:42,Queens Park / Bloor St W,7063,7/13/2013 15:56,Bathurst St / Dundas St,7037,T01302,M5B2L2,Subscriber
1506668,0h 16m 35s,7/13/2013 17:42,Bathurst St / Dundas St,7037,7/13/2013 17:59,Bay St / St Joseph St,7026,T01302,M5S2W9,Subscriber
1508172,0h 16m 27s,7/14/2013 12:11,Bay St / St Joseph St,7026,7/14/2013 12:28,Bloor St / Brunswick Ave,7061,T01302,ON,Subscriber
1508265,0h 18m 46s,7/14/2013 12:48,Bloor St / Brunswick Ave,7061,7/14/2013 13:06,King St W / Spadina Ave,7010,T01302,M6M5J3,Subscriber
1508321,0h 10m 43s,7/14/2013 13:09,King St W / Spadina Ave,7010,7/14/2013 13:20,Princess Ave / Adelaide St,7060,T01302,M5V 3Z1,Subscriber
1508777,0h 30m 40s,7/14/2013 15:31,Princess Ave / Adelaide St,7060,7/14/2013 16:02,College St / Major St,7078,T01302,,Casual
1508940,0h 20m 2s,7/14/2013 16:13,College St / Major St,7078,7/14/2013 16:33,Bond St / Queen St E,7045,T01302,,Casual
1510020,0h 17m 53s,7/15/2013 5:10,Elizabeth St / Edward St,7012,7/15/2013 5:28,Queens Quay W / Dan Leckie Way,7075,T01302,,Casual
1510236,0h 14m 34s,7/15/2013 7:57,Queens Quay W / Dan Leckie Way,7075,7/15/2013 8:12,Queen St W / Spadina Ave,7069,T01302,,Casual
1510306,0h 11m 51s,7/15/2013 8:15,Queen St W / Spadina Ave,7069,7/15/2013 8:27,Elizabeth St / Edward St,7012,T01302,,Casual
1511632,0h 18m 56s,7/15/2013 16:20,Elizabeth St / Edward St,7012,7/15/2013 16:39,Bremner Blvd / Rees St,7018,T01302,,Casual
1512978,0h 18m 43s,7/15/2013 21:49,Bremner Blvd / Rees St,7018,7/15/2013 22:08,Augusta Ave / Dundas St W,7032,T01302,,Casual
1517674,0h 6m 48s,7/17/2013 12:27,Augusta Ave / Dundas St W,7032,7/17/2013 12:34,Elizabeth St / Edward St,7012,T01302,M6J2P3,Subscriber
1517803,0h 8m 23s,7/17/2013 13:16,Elizabeth St / Edward St,7012,7/17/2013 13:25,York St / Queens Quay W,7076,T01302,M5H4E6,Subscriber
1520305,0h 16m 42s,7/18/2013 9:07,Ft. York / Capreol Crt.,7000,7/18/2013 9:23,Willcocks St / St. George St,7066,T01302,M5V4A9,Subscriber
1521365,0h 12m 0s,7/18/2013 16:47,Willcocks St / St. George St,7066,7/18/2013 16:59,25 York St,7070,T01302,L1C4Z1,Subscriber
1521562,0h 9m 58s,7/18/2013 17:21,25 York St,7070,7/18/2013 17:31,Bremner / Spadina,7073,T01302,M5V3Z4,Subscriber
1522914,0h 7m 5s,7/19/2013 7:32,Bremner / Spadina,7073,7/19/2013 7:39,Queen St W / Spadina Ave,7069,T01302,M5V3A6,Subscriber
1522984,0h 5m 17s,7/19/2013 7:52,Queen St W / Spadina Ave,7069,7/19/2013 7:58,University Ave / Elm St,7004,T01302,,Casual
1524184,0h 9m 25s,7/19/2013 15:03,University Ave / Elm St,7004,7/19/2013 15:12,Wellington St W / Bay St,7052,T01302,,Casual
1526906,0h 7m 11s,7/20/2013 16:09,Gould St / Mutual St,7028,7/20/2013 16:16,Jarvis St / Isabella St,7031,T01302,M4Y 1T5,Subscriber
1527312,0h 22m 16s,7/20/2013 17:52,Jarvis St / Isabella St,7031,7/20/2013 18:14,Ferry Ramp / Queens Quay W,7016,T01302,,Casual
1527469,0h 12m 59s,7/20/2013 18:30,Ferry Ramp / Queens Quay W,7016,7/20/2013 18:43,Yonge St. / Lakeshore Ave. E.,7067,T01302,M6R 1J4,Subscriber
1532909,0h 4m 10s,7/22/2013 17:43,Yonge St. / Lakeshore Ave. E.,7067,7/22/2013 17:47,Bremner Blvd / Rees St,7018,T01302,M5V3V9,Subscriber
1533810,0h 13m 26s,7/22/2013 22:33,Bremner Blvd / Rees St,7018,7/22/2013 22:47,College St / Huron St,7007,T01302,M5V 3M3,Subscriber
1535420,0h 12m 7s,7/23/2013 14:44,College St / Huron St,7007,7/23/2013 14:56,Bond St / Queen St E,7045,T01302,M4Y2R4,Subscriber
1535977,0h 4m 30s,7/23/2013 17:16,Bond St / Queen St E,7045,7/23/2013 17:21,Front/Yonge (Hockey Hall of Fame),7048,T01302,L6A3Z7,Subscriber
1537672,0h 8m 29s,7/24/2013 8:35,Front/Yonge (Hockey Hall of Fame),7048,7/24/2013 8:43,Gould St / Mutual St,7028,T01302,M1V 1M2,Subscriber
1538221,0h 3m 44s,7/24/2013 11:41,Gould St / Mutual St,7028,7/24/2013 11:45,Edward St / Yonge St,7041,T01302,M5A3W7,Subscriber
1538704,0h 4m 0s,7/24/2013 14:24,Edward St / Yonge St,7041,7/24/2013 14:28,Simcoe St / Dundas St W,7039,T01302,,Casual
1539102,0h 3m 54s,7/24/2013 16:29,Simcoe St / Dundas St W,7039,7/24/2013 16:33,University Ave / King St W,7005,T01302,L1K2R1,Subscriber
1539139,0h 9m 28s,7/24/2013 16:37,University Ave / King St W,7005,7/24/2013 16:47,Bay St / Wellesley St W,7030,T01302,,Casual
1539222,0h 2m 24s,7/24/2013 16:53,Bay St / Wellesley St W,7030,7/24/2013 16:56,Bay St / College St,7006,T01302,M4Y2X6,Subscriber
1539260,0h 13m 10s,7/24/2013 17:02,Bay St / College St,7006,7/24/2013 17:15,Bloor St / Brunswick Ave,7061,T01302,M5S2R4,Subscriber
1540704,0h 12m 53s,7/25/2013 7:06,Bloor St / Brunswick Ave,7061,7/25/2013 7:19,Gould St / Mutual St,7028,T01302,M5S 2M7,Subscriber
1541148,0h 7m 59s,7/25/2013 8:45,Gould St / Mutual St,7028,7/25/2013 8:53,Church St / Bloor St E,7034,T01302,M5B 2P7,Subscriber
1542102,1h 21m 33s,7/25/2013 14:33,Church St / Bloor St E,7034,7/25/2013 15:55,Phoebe St / Spadina Ave,7020,T01302,,Casual
1543059,0h 4m 6s,7/25/2013 17:57,Phoebe St / Spadina Ave,7020,7/25/2013 18:01,Phoebe St / Spadina Ave,7020,T01302,M5A 3N1,Subscriber
1543687,0h 7m 6s,7/25/2013 20:40,Phoebe St / Spadina Ave,7020,7/25/2013 20:47,Bloor St / Brunswick Ave,7061,T01302,M5R 1L5,Subscriber
1543839,0h 12m 46s,7/25/2013 21:43,Bloor St / Brunswick Ave,7061,7/25/2013 21:56,Sherbourne / Carlton (Allan Gardens),7014,T01302,L2E6G9,Subscriber
1544202,0h 5m 7s,7/26/2013 6:33,Sherbourne / Carlton (Allan Gardens),7014,7/26/2013 6:38,University Ave / College St,7062,T01302,M4Y2X4,Subscriber
1545293,0h 8m 19s,7/26/2013 12:33,University Ave / College St,7062,7/26/2013 12:41,Temperance St / Yonge St,7019,T01302,M5V3X1,Subscriber
1546902,0h 10m 5s,7/26/2013 19:13,Temperance St / Yonge St,7019,7/26/2013 19:23,Bremner / Spadina,7073,T01302,M5V3V6,Subscriber
1547205,0h 34m 55s,7/26/2013 20:52,Bremner / Spadina,7073,7/26/2013 21:27,Queen St W / Spadina Ave,7069,T01302,,Casual
1547399,0h 7m 37s,7/26/2013 22:36,Queen St W / Spadina Ave,7069,7/26/2013 22:44,Bay St / Albert St,7021,T01302,M5B2R3,Subscriber
1548045,0h 7m 50s,7/27/2013 10:48,Bay St / Albert St,7021,7/27/2013 10:56,Queen St W / Shaw St,7072,T01302,,Casual
1551538,0h 27m 33s,7/28/2013 19:07,Bay St / Wellesley St W,7030,7/28/2013 19:34,Bay St / Wellesley St W,7030,T01302,,Casual
1551652,0h 9m 39s,7/28/2013 19:59,Huron St / Harbord St ,7024,7/28/2013 20:09,Gerrard St E / Church St,7079,T01302,M5B 2B4,Subscriber
1551967,0h 18m 46s,7/29/2013 3:06,Gerrard St E / Church St,7079,7/29/2013 3:25,Queen St / Ossington Ave,7035,T01302,L1G 4X9,Subscriber
1553257,0h 12m 52s,7/29/2013 14:48,Queen St / Ossington Ave,7035,7/29/2013 15:01,Phoebe St / Spadina Ave,7020,T01302,,Casual
1553507,0h 6m 33s,7/29/2013 16:31,Phoebe St / Spadina Ave,7020,7/29/2013 16:37,25 York St,7070,T01302,M5T2C8,Subscriber
1553915,0h 11m 43s,7/29/2013 17:54,25 York St,7070,7/29/2013 18:06,King St W / Spadina Ave,7010,T01302,M5V3T9,Subscriber
1554226,0h 17m 25s,7/29/2013 18:56,King St W / Spadina Ave,7010,7/29/2013 19:14,Bay St / St Joseph St,7026,T01302,ON,Subscriber
1554664,0h 5m 34s,7/29/2013 22:27,Bay St / St Joseph St,7026,7/29/2013 22:32,Dundas / Yonge St.,7038,T01302,M6G2A8,Subscriber
1554713,0h 5m 49s,7/29/2013 23:17,Dundas / Yonge St.,7038,7/29/2013 23:23,Front/Yonge (Hockey Hall of Fame),7048,T01302,M5E1Z8,Subscriber
1555046,0h 10m 12s,7/30/2013 7:54,Front/Yonge (Hockey Hall of Fame),7048,7/30/2013 8:04,Bay St / College St,7006,T01302,L1C5C7,Subscriber
1555169,0h 9m 16s,7/30/2013 8:19,Bay St / College St,7006,7/30/2013 8:28,University Ave / King St W,7005,T01302,,Casual
1555240,0h 10m 3s,7/30/2013 8:31,University Ave / King St W,7005,7/30/2013 8:41,Willcocks St / St. George St,7066,T01302,L1A 4E7,Subscriber
1556647,0h 8m 58s,7/30/2013 16:42,Willcocks St / St. George St,7066,7/30/2013 16:51,Queen St / Portland St,7049,T01302,M5V 3R5,Subscriber
1556798,0h 4m 14s,7/30/2013 17:11,Queen St / Portland St,7049,7/30/2013 17:15,Niagara St./Queen W. (Richmond),7046,T01302,M5V 3R5,Subscriber
1557400,0h 23m 1s,7/30/2013 19:02,Niagara St./Queen W. (Richmond),7046,7/30/2013 19:25,Tech Terminal,7033,T01302,M5T 1K5,Subscriber
1558613,0h 11m 12s,7/31/2013 8:41,Wellington St / Portland St,7011,7/31/2013 8:52,King St W / Bay St,7015,T01302,M5V 3X1,Subscriber
1560558,0h 4m 21s,7/31/2013 19:34,King St W / Bay St,7015,7/31/2013 19:38,Scott St / The Esplanade,7013,T01302,M5V3X4,Subscriber
1561939,0h 19m 17s,8/1/2013 15:15,Church St / Bloor St E,7034,8/1/2013 15:34,Queen St W / Spadina Ave,7069,T01302,,Casual
1562577,0h 15m 16s,8/1/2013 17:41,Queen St W / Spadina Ave,7069,8/1/2013 17:56,King St E / Jarvis St,7009,T01302,,Casual
1563791,0h 16m 35s,8/2/2013 7:36,King St E / Jarvis St,7009,8/2/2013 7:52,Queen St W / Spadina Ave,7069,T01302,,Casual
1565119,0h 53m 11s,8/2/2013 14:10,Queen St W / Spadina Ave,7069,8/2/2013 15:03,Jarvis St / Carleton St,7055,T01302,,Casual
1566624,0h 10m 52s,8/3/2013 9:49,Jarvis St / Carleton St,7055,8/3/2013 10:00,King St W / Spadina Ave,7010,T01302,M5B 1M5,Subscriber
1567012,2h 18m 25s,8/3/2013 12:42,Bremner Blvd / Rees St,7018,8/3/2013 15:01,Bremner Blvd / Rees St,7018,T01302,,Casual
1568066,1h 6m 2s,8/3/2013 17:36,Bremner Blvd / Rees St,7018,8/3/2013 18:42,College St / Major St,7078,T01302,,Casual
1568385,0h 11m 9s,8/3/2013 19:22,College St / Major St,7078,8/3/2013 19:33,Front St W / Blue Jays Way,7059,T01302,,Casual
1570177,0h 21m 5s,8/4/2013 15:56,Front St W / Blue Jays Way,7059,8/4/2013 16:17,Tech Terminal,7033,T01302,M5V 3R5,Subscriber
1574892,0h 1m 49s,8/6/2013 15:18,Bay St / Wellesley St W,7030,8/6/2013 15:20,Bay St / St Joseph St,7026,T01302,M5V 3N9,Subscriber
1575269,0h 11m 29s,8/6/2013 17:00,Bay St / St Joseph St,7026,8/6/2013 17:12,Euclid Ave / Bloor St,7040,T01302,M6G 2Z1,Subscriber
1575700,0h 14m 13s,8/6/2013 18:12,Euclid Ave / Bloor St,7040,8/6/2013 18:26,Queen St W / Spadina Ave,7069,T01302,M5T3L2,Subscriber
1575848,0h 9m 55s,8/6/2013 18:41,Queen St W / Spadina Ave,7069,8/6/2013 18:51,Spadina Ave / Sussex Ave,7074,T01302,M5R 2W7,Subscriber
1577226,0h 3m 22s,8/7/2013 9:12,Spadina Ave / Sussex Ave,7074,8/7/2013 9:15,Willcocks St / St. George St,7066,T01302,M5S 3G8,Subscriber
1578279,0h 3m 0s,8/7/2013 16:58,Willcocks St / St. George St,7066,8/7/2013 17:01,Spadina Ave / Sussex Ave,7074,T01302,M5S 3G8,Subscriber
1580341,0h 7m 43s,8/8/2013 9:05,Spadina Ave / Sussex Ave,7074,8/8/2013 9:13,Madison Ave / Bloor St W,7003,T01302,M5S 3G8,Subscriber
1580555,0h 8m 15s,8/8/2013 10:17,Madison Ave / Bloor St W,7003,8/8/2013 10:25,Queen St W / Spadina Ave,7069,T01302,M5R 2W7,Subscriber
1582304,0h 22m 0s,8/8/2013 18:37,Queen St W / Spadina Ave,7069,8/8/2013 18:59,Church St / Bloor St E,7034,T01302,M5R 2W7,Subscriber
1582476,0h 11m 41s,8/8/2013 19:12,Church St / Bloor St E,7034,8/8/2013 19:24,Beverly  St / Dundas St W,7027,T01302,M5V 0B8,Subscriber
1583298,0h 9m 32s,8/9/2013 7:48,Beverly  St / Dundas St W,7027,8/9/2013 7:58,Temperance St / Yonge St,7019,T01302,M3B1T5,Subscriber
1584316,0h 13m 18s,8/9/2013 12:59,Temperance St / Yonge St,7019,8/9/2013 13:12,Lower Simcoe St / Lakeshore Blvd W,7043,T01302,,Casual
1585674,0h 24m 0s,8/9/2013 18:54,Lower Simcoe St / Lakeshore Blvd W,7043,8/9/2013 19:18,Queen St / Ossington Ave,7035,T01302,,Casual
1586551,0h 32m 58s,8/10/2013 2:48,Queen St / Ossington Ave,7035,8/10/2013 3:21,Queens Park Cres E,7008,T01302,M4Y1N2,Subscriber
1587752,0h 27m 42s,8/10/2013 14:54,Queens Park Cres E,7008,8/10/2013 15:21,Bremner Blvd / Rees St,7018,T01302,,Casual
1588062,0h 48m 17s,8/10/2013 16:12,Bremner Blvd / Rees St,7018,8/10/2013 17:00,Euclid Ave / Bloor St,7040,T01302,,Casual
1588746,0h 20m 16s,8/10/2013 18:52,Euclid Ave / Bloor St,7040,8/10/2013 19:13,Lower Simcoe St / Lakeshore Blvd W,7043,T01302,,Casual
1589660,0h 3m 47s,8/11/2013 9:37,Lower Simcoe St / Lakeshore Blvd W,7043,8/11/2013 9:41,Simcoe St / Wellington St W,7057,T01302,M5J2Y7,Subscriber
1592505,0h 4m 35s,8/12/2013 8:15,Simcoe St / Wellington St W,7057,8/12/2013 8:19,King St W / Spadina Ave,7010,T01302,L7L0C4,Subscriber
1592804,0h 11m 55s,8/12/2013 9:00,King St W / Spadina Ave,7010,8/12/2013 9:12,College St / Major St,7078,T01302,M5V3Y9,Subscriber
1592869,0h 17m 44s,8/12/2013 9:16,College St / Major St,7078,8/12/2013 9:34,University Ave / College St,7062,T01302,,Casual
1593006,0h 5m 24s,8/12/2013 9:55,University Ave / College St,7062,8/12/2013 10:00,Bay St / Albert St,7021,T01302,M5S2X1,Subscriber
1593204,0h 5m 47s,8/12/2013 11:38,Bay St / Albert St,7021,8/12/2013 11:44,Richmond St E / Jarvis St,7050,T01302,M5R2B5,Subscriber
1593279,0h 3m 57s,8/12/2013 12:07,Richmond St E / Jarvis St,7050,8/12/2013 12:11,Simcoe St / Queen St W,7022,T01302,M6C 2G7,Subscriber
1593779,0h 30m 8s,8/12/2013 15:38,Simcoe St / Queen St W,7022,8/12/2013 16:08,25 York St,7070,T01302,M6S1L4,Subscriber
1593988,0h 11m 44s,8/12/2013 16:39,25 York St,7070,8/12/2013 16:51,Queen St / Portland St,7049,T01302,M5V2Y6,Subscriber
1594331,0h 11m 10s,8/12/2013 17:36,Queen St / Portland St,7049,8/12/2013 17:48,King St E / Jarvis St,7009,T01302,M5A 4S4,Subscriber
1594878,0h 14m 48s,8/12/2013 19:55,King St E / Jarvis St,7009,8/12/2013 20:10,Church St / Alexander St,7044,T01302,,Casual
1594972,0h 14m 25s,8/12/2013 20:31,Church St / Alexander St,7044,8/12/2013 20:46,Dockside Dr / Queens Quay E.,7068,T01302,M4Y3B2,Subscriber
1595126,0h 24m 40s,8/12/2013 21:42,Dockside Dr / Queens Quay E.,7068,8/12/2013 22:06,Bremner Blvd / Rees St,7018,T01302,,Casual
1595160,0h 20m 24s,8/12/2013 22:09,Bremner Blvd / Rees St,7018,8/12/2013 22:30,Princess Ave / Adelaide St,7060,T01302,,Casual
1595236,0h 12m 16s,8/12/2013 22:58,Princess Ave / Adelaide St,7060,8/12/2013 23:10,Sherbourne / Carlton (Allan Gardens),7014,T01302,,Casual
1595733,0h 23m 27s,8/13/2013 8:20,Sherbourne / Carlton (Allan Gardens),7014,8/13/2013 8:44,Metro Hall Plaza,7053,T01302,M4X1L1,Subscriber
1598507,0h 3m 28s,8/14/2013 0:42,Metro Hall Plaza,7053,8/14/2013 0:45,25 York St,7070,T01302,,Casual
1599542,0h 8m 51s,8/14/2013 11:25,25 York St,7070,8/14/2013 11:33,Dockside Dr / Queens Quay E.,7068,T01302,,Casual
1599571,0h 29m 38s,8/14/2013 11:37,Dockside Dr / Queens Quay E.,7068,8/14/2013 12:07,Simcoe St / Queen St W,7022,T01302,,Casual
1600805,0h 0m 52s,8/14/2013 17:41,Simcoe St / Queen St W,7022,8/14/2013 17:42,Simcoe St / Queen St W,7022,T01302,M5H4C9,Subscriber
1664092,0h 6m 37s,9/6/2013 9:03,Bremner / Spadina,7073,9/6/2013 9:09,25 York St,7070,T01302,M5V3Y3,Subscriber
1664519,0h 4m 3s,9/6/2013 11:44,25 York St,7070,9/6/2013 11:48,Simcoe St / Wellington St W,7057,T01302,M5J2L2,Subscriber
1669678,0h 2m 10s,9/8/2013 23:14,Bloor St / Brunswick Ave,7061,9/8/2013 23:17,Madison Ave / Bloor St W,7003,T01302,M5R2S3,Subscriber
1669918,0h 8m 57s,9/9/2013 7:39,Madison Ave / Bloor St W,7003,9/9/2013 7:48,Simcoe St / Queen St W,7022,T01302,M5R2S8,Subscriber
1670902,0h 2m 30s,9/9/2013 12:37,Simcoe St / Queen St W,7022,9/9/2013 12:40,Queen St W / Spadina Ave,7069,T01302,L6B0C3,Subscriber
1670947,0h 3m 44s,9/9/2013 12:53,Queen St W / Spadina Ave,7069,9/9/2013 12:56,Simcoe St / Queen St W,7022,T01302,L6B0C3,Subscriber
1671843,0h 13m 59s,9/9/2013 17:36,Simcoe St / Queen St W,7022,9/9/2013 17:50,Madison Ave / Bloor St W,7003,T01302,M5R2S8,Subscriber
1673279,0h 12m 0s,9/10/2013 8:38,Madison Ave / Bloor St W,7003,9/10/2013 8:50,Edward St / Yonge St,7041,T01302,L5V2R5,Subscriber
1674272,0h 15m 3s,9/10/2013 14:41,Edward St / Yonge St,7041,9/10/2013 14:56,Ted Rogers Way / Bloor St E,7025,T01302,,Casual
1674928,0h 21m 45s,9/10/2013 17:38,Ted Rogers Way / Bloor St E,7025,9/10/2013 17:59,King St W / Spadina Ave,7010,T01302,M4W 3Y3,Subscriber
1675185,0h 22m 17s,9/10/2013 18:23,King St W / Spadina Ave,7010,9/10/2013 18:45,College St / Major St,7078,T01302,M5S2K9,Subscriber
1676118,0h 7m 32s,9/11/2013 7:39,College St / Major St,7078,9/11/2013 7:47,University Ave / Elm St,7004,T01302,,Casual
1677079,0h 18m 30s,9/11/2013 12:13,Sherbourne St / Wellesley St,7042,9/11/2013 12:31,Metro Hall Plaza,7053,T01302,M4X1G2,Subscriber
1679671,0h 11m 18s,9/12/2013 10:56,Sherbourne / Carlton (Allan Gardens),7014,9/12/2013 11:08,Huron St / Harbord St ,7024,T01302,M5A 2N9,Subscriber
1680332,0h 22m 43s,9/12/2013 16:00,Huron St / Harbord St ,7024,9/12/2013 16:23,Scott St / The Esplanade,7013,T01302,M5E1W5,Subscriber
1680646,0h 6m 25s,9/12/2013 17:10,Jarvis St / Isabella St,7031,9/12/2013 17:17,Bay St / St Joseph St,7026,T01302,M5S3A6,Subscriber
1682195,0h 12m 40s,9/13/2013 8:18,Bay St / St Joseph St,7026,9/13/2013 8:30,Widmer St / Adelaide St ,7017,T01302,M4S1G9,Subscriber
1682434,0h 8m 56s,9/13/2013 8:55,Widmer St / Adelaide St ,7017,9/13/2013 9:04,Elizabeth St / Edward St,7012,T01302,L6A0Z8,Subscriber
1682679,0h 6m 49s,9/13/2013 10:02,Elizabeth St / Edward St,7012,9/13/2013 10:09,Bay St / Wellesley St W,7030,T01302,M9C 5R7,Subscriber
1682843,0h 8m 26s,9/13/2013 11:49,Bay St / Wellesley St W,7030,9/13/2013 11:58,College St / Major St,7078,T01302,M5R2S3,Subscriber
1683664,0h 13m 58s,9/13/2013 16:48,College St / Major St,7078,9/13/2013 17:02,Tech Terminal,7033,T01302,L8L6Z5,Subscriber
1686285,0h 40m 54s,9/14/2013 19:06,Tech Terminal,7033,9/14/2013 19:47,Tech Terminal,7033,T01302,,Casual
1687427,0h 29m 28s,9/15/2013 14:02,Tech Terminal,7033,9/15/2013 14:32,Bay St / Bloor St W,7029,T01302,,Casual
1687648,0h 8m 22s,9/15/2013 15:49,Bay St / Bloor St W,7029,9/15/2013 15:58,Jarvis St / Carleton St,7055,T01302,M5R 1C9,Subscriber
1687936,0h 9m 14s,9/15/2013 18:34,Jarvis St / Carleton St,7055,9/15/2013 18:43,Lower Jarvis St / The Esplanade,7001,T01302,M4Y 3B6,Subscriber
1688635,0h 6m 9s,9/16/2013 8:45,Lower Jarvis St / The Esplanade,7001,9/16/2013 8:51,Ferry Ramp / Queens Quay W,7016,T01302,M5E0A2,Subscriber
1689167,0h 21m 44s,9/16/2013 12:38,Ferry Ramp / Queens Quay W,7016,9/16/2013 12:59,University Ave / Gerrard St W,7047,T01302,M5J2G2,Subscriber
1689794,0h 4m 48s,9/16/2013 17:01,University Ave / Gerrard St W,7047,9/16/2013 17:06,University Ave / King St W,7005,T01302,M5A4R3,Subscriber
1690092,0h 18m 1s,9/16/2013 17:47,University Ave / King St W,7005,9/16/2013 18:05,Sherbourne St / Wellesley St,7042,T01302,M4Y 2J3,Subscriber
1691186,0h 10m 19s,9/17/2013 8:11,Sherbourne St / Wellesley St,7042,9/17/2013 8:21,Queens Park / Bloor St W,7063,T01302,M4X1X3,Subscriber
1692649,0h 7m 27s,9/17/2013 16:48,Bay St / St Joseph St,7026,9/17/2013 16:55,Spadina Ave / Sussex Ave,7074,T01302,L4Z2J2,Subscriber
1694578,0h 8m 43s,9/18/2013 9:01,Spadina Ave / Sussex Ave,7074,9/18/2013 9:10,Phoebe St / Spadina Ave,7020,T01302,M5R2W8,Subscriber
1694759,0h 33m 51s,9/18/2013 9:49,Phoebe St / Spadina Ave,7020,9/18/2013 10:23,Lower Jarvis St / The Esplanade,7001,T01302,,Casual
1695459,0h 1m 29s,9/18/2013 15:03,Gerrard St E / Church St,7079,9/18/2013 15:05,Granby St / Yonge St,7077,T01302,M5B 1L2,Subscriber
1695489,0h 1m 45s,9/18/2013 15:18,Granby St / Yonge St,7077,9/18/2013 15:20,Gerrard St E / Church St,7079,T01302,M5B 1L2,Subscriber
1695858,0h 1m 34s,9/18/2013 17:01,Gerrard St E / Church St,7079,9/18/2013 17:02,Granby St / Yonge St,7077,T01302,M5B 1L2,Subscriber
1696972,0h 8m 47s,9/18/2013 23:13,Granby St / Yonge St,7077,9/18/2013 23:22,Church St / Bloor St E,7034,T01302,M4Y3C7,Subscriber
1697002,0h 4m 43s,9/19/2013 0:00,Church St / Bloor St E,7034,9/19/2013 0:05,Bay St / College St,7006,T01302,M5F2R2,Subscriber
1697145,0h 9m 11s,9/19/2013 7:11,Bay St / College St,7006,9/19/2013 7:20,St George St / Bloor St W,7002,T01302,M5G2R2,Subscriber
1697310,0h 6m 55s,9/19/2013 8:03,St George St / Bloor St W,7002,9/19/2013 8:10,Beverly  St / Dundas St W,7027,T01302,M5R 2N5,Subscriber
1698006,0h 10m 40s,9/19/2013 10:58,Beverly  St / Dundas St W,7027,9/19/2013 11:09,Ft. York / Capreol Crt.,7000,T01302,M5T1Y2,Subscriber
1698070,0h 28m 44s,9/19/2013 11:35,Ft. York / Capreol Crt.,7000,9/19/2013 12:04,St George St / Bloor St W,7002,T01302,M5V4B3,Subscriber
1698373,0h 8m 56s,9/19/2013 13:47,St George St / Bloor St W,7002,9/19/2013 13:55,Queen St W / Spadina Ave,7069,T01302,M5S 1S5,Subscriber
1698894,0h 8m 29s,9/19/2013 16:58,Queen St W / Spadina Ave,7069,9/19/2013 17:06,St George St / Bloor St W,7002,T01302,M5R 1C9,Subscriber
1699938,0h 14m 40s,9/19/2013 21:50,St George St / Bloor St W,7002,9/19/2013 22:05,Front St W / Blue Jays Way,7059,T01302,M5V3R5,Subscriber
1699979,0h 5m 48s,9/19/2013 22:12,Front St W / Blue Jays Way,7059,9/19/2013 22:17,Scott St / The Esplanade,7013,T01302,M5V3S1,Subscriber
1700191,0h 16m 48s,9/20/2013 1:58,Scott St / The Esplanade,7013,9/20/2013 2:15,Queen St / Ossington Ave,7035,T01302,M6J3S8,Subscriber
1702886,0h 19m 45s,9/20/2013 20:42,Queen St / Ossington Ave,7035,9/20/2013 21:02,Gerrard St E / Church St,7079,T01302,M5B2E8,Subscriber
1703056,0h 14m 11s,9/20/2013 22:35,Gerrard St E / Church St,7079,9/20/2013 22:50,College St / Huron St,7007,T01302,M5B2E8,Subscriber
1703094,0h 12m 5s,9/20/2013 23:01,College St / Huron St,7007,9/20/2013 23:13,Bay St / College St,7006,T01302,,Casual
1703132,0h 13m 21s,9/20/2013 23:59,Bay St / College St,7006,9/21/2013 0:12,University Ave / King St W,7005,T01302,M5G2J9,Subscriber
1703749,0h 7m 30s,9/21/2013 22:59,University Ave / King St W,7005,9/21/2013 23:07,Lower Jarvis St / The Esplanade,7001,T01302,M5A 4L1,Subscriber
1705088,0h 17m 16s,9/22/2013 19:45,Madison Ave / Bloor St W,7003,9/22/2013 20:02,Ft. York / Capreol Crt.,7000,T01302,M5V4A9,Subscriber
1705471,0h 13m 4s,9/23/2013 7:48,Ft. York / Capreol Crt.,7000,9/23/2013 8:01,Edward St / Yonge St,7041,T01302,M5V4B2,Subscriber
1706211,0h 10m 9s,9/23/2013 11:22,Edward St / Yonge St,7041,9/23/2013 11:33,Huron St / Harbord St ,7024,T01302,M5G2G4,Subscriber
1706971,0h 15m 56s,9/23/2013 17:02,College St / Major St,7078,9/23/2013 17:18,Lower Jarvis St / The Esplanade,7001,T01302,M5E0A3,Subscriber
1708192,0h 10m 13s,9/24/2013 7:50,Lower Jarvis St / The Esplanade,7001,9/24/2013 8:00,Simcoe St / Dundas St W,7039,T01302,M5A 4P8,Subscriber
1708726,0h 6m 18s,9/24/2013 9:24,Simcoe St / Dundas St W,7039,9/24/2013 9:30,Gerrard St E / Church St,7079,T01302,,Casual
1709143,0h 10m 46s,9/24/2013 12:32,Gerrard St E / Church St,7079,9/24/2013 12:43,Huron St / Harbord St ,7024,T01302,M6C 2H6,Subscriber
1710678,0h 15m 5s,9/24/2013 20:33,Huron St / Harbord St ,7024,9/24/2013 20:49,Queen St / Ossington Ave,7035,T01302,M4S1W3,Subscriber
1714652,0h 20m 30s,9/26/2013 9:38,Queen St / Ossington Ave,7035,9/26/2013 9:59,Bond St / Queen St E,7045,T01302,M6J0B6,Subscriber
1714897,0h 3m 33s,9/26/2013 11:40,Bond St / Queen St E,7045,9/26/2013 11:43,Gould St / Mutual St,7028,T01302,M5G2A1,Subscriber
1715323,0h 4m 45s,9/26/2013 14:42,Gould St / Mutual St,7028,9/26/2013 14:47,University Ave / Gerrard St W,7047,T01302,M5S1W4,Subscriber
1715480,0h 7m 20s,9/26/2013 15:49,University Ave / Gerrard St W,7047,9/26/2013 15:56,Huron St / Harbord St ,7024,T01302,M5G2R3,Subscriber
1715552,0h 6m 41s,9/26/2013 16:12,Huron St / Harbord St ,7024,9/26/2013 16:19,Bay St / College St,7006,T01302,M5G2R3,Subscriber
1715611,0h 5m 9s,9/26/2013 16:29,Bay St / College St,7006,9/26/2013 16:34,Wellington St W / Bay St,7052,T01302,L9T2T8,Subscriber
1716650,0h 4m 45s,9/26/2013 21:28,Wellington St W / Bay St,7052,9/26/2013 21:33,Front St W / Blue Jays Way,7059,T01302,M5K1N2,Subscriber
1719702,0h 7m 37s,9/27/2013 21:59,Front St W / Blue Jays Way,7059,9/27/2013 22:07,Melinda St / Yonge St,7036,T01302,M5C3C5,Subscriber
1722908,0h 21m 57s,9/29/2013 14:35,Melinda St / Yonge St,7036,9/29/2013 14:57,Dundas / Yonge St.,7038,T01302,,Casual
1723401,0h 16m 58s,9/29/2013 18:01,Dundas / Yonge St.,7038,9/29/2013 18:18,Yonge St. / Lakeshore Ave. E.,7067,T01302,,Casual
1730356,0h 2m 42s,10/2/2013 13:46,Yonge St. / Lakeshore Ave. E.,7067,10/2/2013 13:48,Scott St / The Esplanade,7013,T01302,M5V 3P4,Subscriber
1730371,0h 14m 47s,10/2/2013 13:51,Scott St / The Esplanade,7013,10/2/2013 14:06,Simcoe St / Dundas St W,7039,T01302,,Casual
1730413,0h 5m 13s,10/2/2013 14:06,Simcoe St / Dundas St W,7039,10/2/2013 14:11,Bay St / College St,7006,T01302,L4S0C1,Subscriber
1730538,0h 10m 12s,10/2/2013 15:09,Bay St / College St,7006,10/2/2013 15:20,25 York St,7070,T01302,L9T 0V4,Subscriber
1730634,0h 17m 12s,10/2/2013 15:49,25 York St,7070,10/2/2013 16:06,Queens Park / Bloor St W,7063,T01302,L6M 1R4,Subscriber
1730744,0h 11m 16s,10/2/2013 16:22,Queens Park / Bloor St W,7063,10/2/2013 16:34,King St W / Bay St,7015,T01302,L5M3T8,Subscriber
1731138,0h 8m 46s,10/2/2013 17:36,King St W / Bay St,7015,10/2/2013 17:44,Bay St / College St,7006,T01302,M4Y3G5,Subscriber
1731232,0h 12m 39s,10/2/2013 17:48,Bay St / College St,7006,10/2/2013 18:01,Scott St / The Esplanade,7013,T01302,M5E1A1,Subscriber
1731401,0h 10m 17s,10/2/2013 18:14,Scott St / The Esplanade,7013,10/2/2013 18:24,Sherbourne / Carlton (Allan Gardens),7014,T01302,M5E 1W5,Subscriber
1732405,0h 13m 29s,10/3/2013 7:56,Sherbourne / Carlton (Allan Gardens),7014,10/3/2013 8:09,25 York St,7070,T01302,M5A2S1,Subscriber
1732479,0h 11m 51s,10/3/2013 8:12,25 York St,7070,10/3/2013 8:24,College St / Huron St,7007,T01302,L0H1G0,Subscriber
1733349,0h 7m 15s,10/3/2013 12:36,College St / Huron St,7007,10/3/2013 12:43,Granby St / Yonge St,7077,T01302,L5M3Y5,Subscriber
1733508,0h 3m 51s,10/3/2013 13:37,Granby St / Yonge St,7077,10/3/2013 13:41,Dundas / Yonge St.,7038,T01302,M4Y3G5,Subscriber
1734192,0h 5m 34s,10/3/2013 17:15,Dundas / Yonge St.,7038,10/3/2013 17:21,Dundas St / Parliament St,7065,T01302,M5A 0A2,Subscriber
1736335,0h 8m 12s,10/4/2013 16:12,Dundas St / Parliament St,7065,10/4/2013 16:20,Elizabeth St / Edward St,7012,T01302,M4Y 2W4,Subscriber
1736600,0h 3m 39s,10/4/2013 17:20,Elizabeth St / Edward St,7012,10/4/2013 17:24,Granby St / Yonge St,7077,T01302,M5B2L2,Subscriber
1737135,0h 11m 55s,10/4/2013 20:21,Granby St / Yonge St,7077,10/4/2013 20:33,Jarvis St / Isabella St,7031,T01302,M4Y 2J3,Subscriber
1737414,0h 8m 26s,10/5/2013 0:44,Jarvis St / Isabella St,7031,10/5/2013 0:52,Richmond St E / Jarvis St,7050,T01302,,Casual
1738617,0h 18m 38s,10/5/2013 17:28,Beverly  St / Dundas St W,7027,10/5/2013 17:46,King St W / Bay St,7015,T01302,N2G 3H6,Subscriber
1739348,0h 7m 48s,10/5/2013 22:59,King St W / Bay St,7015,10/5/2013 23:06,Simcoe St / Queen St W,7022,T01302,,Casual
1739473,0h 9m 54s,10/5/2013 23:58,Simcoe St / Queen St W,7022,10/6/2013 0:08,College St / Huron St,7007,T01302,,Casual
1739503,0h 16m 11s,10/6/2013 0:11,College St / Huron St,7007,10/6/2013 0:27,Bay St / Wellesley St W,7030,T01302,,Casual
1740196,0h 5m 40s,10/6/2013 13:02,Bay St / Wellesley St W,7030,10/6/2013 13:08,Bay St / Bloor St W,7029,T01302,M5S 1Z6,Subscriber
1740237,0h 5m 37s,10/6/2013 13:20,Bay St / Bloor St W,7029,10/6/2013 13:26,St George St / Bloor St W,7002,T01302,M5S 1Z6,Subscriber
1740463,0h 15m 8s,10/6/2013 15:27,St George St / Bloor St W,7002,10/6/2013 15:42,Dundas / Yonge St.,7038,T01302,M6H2S3,Subscriber
1740745,0h 20m 14s,10/6/2013 17:51,Dundas / Yonge St.,7038,10/6/2013 18:11,Niagara St./Queen W. (Richmond),7046,T01302,,Casual
1744925,0h 42m 18s,10/8/2013 17:08,Bay St / Wellesley St W,7030,10/8/2013 17:50,Edward St / Yonge St,7041,T01302,M451A5,Subscriber
1745228,0h 16m 21s,10/8/2013 17:56,Edward St / Yonge St,7041,10/8/2013 18:13,Euclid Ave / Bloor St,7040,T01302,M5V 3Y4,Subscriber
1745552,0h 22m 16s,10/8/2013 19:13,Euclid Ave / Bloor St,7040,10/8/2013 19:36,Bay St / Albert St,7021,T01302,M5B2R3,Subscriber
1745929,0h 4m 54s,10/8/2013 22:30,Bay St / Albert St,7021,10/8/2013 22:35,Metro Hall Plaza,7053,T01302,M5V 3R8,Subscriber
1745975,0h 4m 11s,10/8/2013 23:20,Metro Hall Plaza,7053,10/8/2013 23:24,Wellington St / Portland St,7011,T01302,M5V1C6,Subscriber
1746122,0h 6m 38s,10/9/2013 7:08,Wellington St / Portland St,7011,10/9/2013 7:15,University Ave / King St W,7005,T01302,M1S1E9,Subscriber
1747034,0h 5m 6s,10/9/2013 11:28,Ft. York / Capreol Crt.,7000,10/9/2013 11:33,Simcoe St / Wellington St W,7057,T01302,M5V 4B2,Subscriber
1762280,0h 13m 59s,10/16/2013 9:27,Sherbourne St / Wellesley St,7042,10/16/2013 9:41,Simcoe St / Wellington St W,7057,T01302,M4X1G7,Subscriber
1945106,0h 4m 58s,5/1/2014 8:52,Bay St / St Joseph St,7026,5/1/2014 8:57,Jarvis St / Isabella St,7031,T01302,M5S3A6,Registered
1945446,0h 5m 43s,5/1/2014 13:05,Jarvis St / Isabella St,7031,5/1/2014 13:11,Bay St / St Joseph St,7026,T01302,M5S3A6,Registered
1945512,0h 26m 57s,5/1/2014 13:46,Bay St / St Joseph St,7026,5/1/2014 14:13,Queens Quay W / Dan Leckie Way,7075,T01302,M5S3A3,Registered
1945556,0h 22m 58s,5/1/2014 14:17,Queens Quay W / Dan Leckie Way,7075,5/1/2014 14:40,Bay St / St Joseph St,7026,T01302,M5S3A3,Registered
1945589,0h 8m 12s,5/1/2014 14:44,Bay St / St Joseph St,7026,5/1/2014 14:53,Ted Rogers Way / Bloor St E,7025,T01302,M4Y 2W4,Registered
1946152,0h 15m 26s,5/1/2014 17:50,Ted Rogers Way / Bloor St E,7025,5/1/2014 18:05,Front/Yonge (Hockey Hall of Fame),7048,T01302,L5H 3K4,Registered
1946907,0h 7m 57s,5/2/2014 8:11,Front/Yonge (Hockey Hall of Fame),7048,5/2/2014 8:19,Granby St / Yonge St,7077,T01302,L9T0N9,Registered
1946986,0h 8m 59s,5/2/2014 8:30,Granby St / Yonge St,7077,5/2/2014 8:39,Scott St / The Esplanade,7013,T01302,M5B 1L3,Registered
1947057,0h 10m 12s,5/2/2014 8:44,Scott St / The Esplanade,7013,5/2/2014 8:54,Granby St / Yonge St,7077,T01302,M5E1A5,Registered
1947317,0h 20m 40s,5/2/2014 10:56,Granby St / Yonge St,7077,5/2/2014 11:17,Bathurst / Queens Quay (Island Airport),7071,T01302,M4Y1B5,Registered
1948715,2h 11m 25s,5/3/2014 12:20,Bathurst / Queens Quay (Island Airport),7071,5/3/2014 14:31,Bathurst / Queens Quay (Island Airport),7071,T01302,,Casual
1951757,0h 7m 13s,5/5/2014 16:43,Richmond St E / Jarvis St,7050,5/5/2014 16:50,Widmer St / Adelaide St ,7017,T01302,L6M 4S2,Registered
1954042,0h 0m 3s,5/6/2014 17:56,Bay St / St Joseph St,7026,5/6/2014 17:56,Bay St / St Joseph St,7026,T01302,M4Y2W4,Registered
1954046,0h 0m 6s,5/6/2014 17:57,Bay St / St Joseph St,7026,5/6/2014 17:57,Bay St / St Joseph St,7026,T01302,M4Y2W4,Registered
1954418,0h 10m 49s,5/6/2014 20:29,Bay St / St Joseph St,7026,5/6/2014 20:40,Bloor St / Brunswick Ave,7061,T01302,M5S3G3,Registered
1957229,0h 9m 56s,5/8/2014 10:09,Bloor St / Brunswick Ave,7061,5/8/2014 10:19,Queen St / Portland St,7049,T01302,M5R 2Z3,Registered
1957484,0h 7m 21s,5/8/2014 13:39,Queen St / Portland St,7049,5/8/2014 13:46,Ft. York / Capreol Crt.,7000,T01302,M5J2Y5,Registered
1957541,0h 5m 10s,5/8/2014 14:20,Ft. York / Capreol Crt.,7000,5/8/2014 14:26,Simcoe St / Wellington St W,7057,T01302,M5V3Z7,Registered
1959903,0h 9m 33s,5/9/2014 15:51,Simcoe St / Wellington St W,7057,5/9/2014 16:01,Dundas / Yonge St.,7038,T01302,,Casual
1959960,0h 4m 46s,5/9/2014 16:13,Dundas / Yonge St.,7038,5/9/2014 16:17,Front/Yonge (Hockey Hall of Fame),7048,T01302,L5L5V3,Registered
1961805,0h 52m 18s,5/10/2014 16:07,Front/Yonge (Hockey Hall of Fame),7048,5/10/2014 16:59,Bloor St / Brunswick Ave,7061,T01302,,Casual
1962439,0h 9m 6s,5/10/2014 20:01,Bloor St / Brunswick Ave,7061,5/10/2014 20:10,Bay St / Wellesley St W,7030,T01302,,Casual
1962532,0h 6m 28s,5/10/2014 20:53,Bay St / Wellesley St W,7030,5/10/2014 20:59,Granby St / Yonge St,7077,T01302,M5S3A6,Registered
1962797,0h 8m 15s,5/11/2014 2:35,Granby St / Yonge St,7077,5/11/2014 2:43,Yonge St. / Lakeshore Ave. E.,7067,T01302,M5E2A1,Registered
1963690,0h 5m 9s,5/11/2014 15:04,Yonge St. / Lakeshore Ave. E.,7067,5/11/2014 15:09,Ferry Ramp / Queens Quay W,7016,T01302,M5E2A1,Registered
1963712,0h 20m 13s,5/11/2014 15:12,Ferry Ramp / Queens Quay W,7016,5/11/2014 15:32,Queen St W / Spadina Ave,7069,T01302,,Casual
1963847,0h 3m 29s,5/11/2014 15:55,Queen St W / Spadina Ave,7069,5/11/2014 15:59,King St W / Spadina Ave,7010,T01302,,Casual
1964620,0h 5m 46s,5/12/2014 7:11,King St W / Spadina Ave,7010,5/12/2014 7:17,King St W / Bay St,7015,T01302,M5V3H9,Registered
1965911,0h 7m 15s,5/12/2014 17:10,King St W / Bay St,7015,5/12/2014 17:17,Bay St / College St,7006,T01302,M5G2R2,Registered
1965958,0h 10m 10s,5/12/2014 17:20,Bay St / College St,7006,5/12/2014 17:30,Parliament St / Gerrard St,7056,T01302,M5A 3K4,Registered
1966932,0h 11m 41s,5/13/2014 8:33,Parliament St / Gerrard St,7056,5/13/2014 8:44,University Ave / King St W,7005,T01302,M4X1S1,Registered
1967116,0h 5m 48s,5/13/2014 9:23,University Ave / King St W,7005,5/13/2014 9:29,King St W / Spadina Ave,7010,T01302,M4P 1S9,Registered
1967339,0h 10m 47s,5/13/2014 12:30,King St W / Spadina Ave,7010,5/13/2014 12:41,Lower Jarvis St / The Esplanade,7001,T01302,M5A4T3,Registered
1968251,0h 13m 15s,5/13/2014 18:18,Lower Jarvis St / The Esplanade,7001,5/13/2014 18:32,Niagara St./Queen W. (Richmond),7046,T01302,M6J3X4,Registered
1968461,0h 20m 8s,5/13/2014 19:16,Niagara St./Queen W. (Richmond),7046,5/13/2014 19:36,Front St W / Blue Jays Way,7059,T01302,,Casual
1968734,0h 7m 29s,5/14/2014 0:39,Front St W / Blue Jays Way,7059,5/14/2014 0:47,University Ave / Gerrard St W,7047,T01302,M5V3R5,Registered
1968752,0h 6m 49s,5/14/2014 4:04,University Ave / Gerrard St W,7047,5/14/2014 4:11,Metro Hall Plaza,7053,T01302,M5V3R5,Registered
1969537,0h 9m 16s,5/14/2014 12:08,Metro Hall Plaza,7053,5/14/2014 12:18,Lower Jarvis St / The Esplanade,7001,T01302,M5A1K5,Registered
1970405,0h 8m 33s,5/14/2014 18:18,Lower Jarvis St / The Esplanade,7001,5/14/2014 18:26,York St / Queens Quay W,7076,T01302,M5J2Y2,Registered
1971611,0h 19m 6s,5/15/2014 15:49,York St / Queens Quay W,7076,5/15/2014 16:08,St George St / Bloor St W,7002,T01302,M5S 3B8,Registered
1973139,0h 9m 50s,5/16/2014 16:15,St George St / Bloor St W,7002,5/16/2014 16:24,Church St / Bloor St E,7034,T01302,M5R 1B5,Registered
1973384,0h 11m 26s,5/16/2014 17:25,Church St / Bloor St E,7034,5/16/2014 17:37,King St E / Jarvis St,7009,T01302,M5A 4M5,Registered
1973593,0h 8m 49s,5/16/2014 18:31,King St E / Jarvis St,7009,5/16/2014 18:40,Widmer St / Adelaide St ,7017,T01302,M5A4L1,Registered
1973675,0h 15m 30s,5/16/2014 19:06,Widmer St / Adelaide St ,7017,5/16/2014 19:22,Trinity / Front (Distillery),7064,T01302,,Casual
1974500,0h 11m 55s,5/17/2014 15:03,Trinity / Front (Distillery),7064,5/17/2014 15:15,Bremner Blvd / Rees St,7018,T01302,,Casual
1974668,0h 10m 52s,5/17/2014 16:58,Bremner Blvd / Rees St,7018,5/17/2014 17:09,Phoebe St / Spadina Ave,7020,T01302,,Casual
1977086,7h 5m 27s,5/19/2014 15:17,St George St / Bloor St W,7002,5/19/2014 22:23,Wellington St W / Bay St,7052,T01302,,Casual
1977958,0h 14m 12s,5/20/2014 6:13,Wellington St W / Bay St,7052,5/20/2014 6:28,Queens Park / Bloor St W,7063,T01302,M1K3H6,Registered
1979728,0h 9m 28s,5/20/2014 20:20,Queens Park / Bloor St W,7063,5/20/2014 20:30,Simcoe St / Queen St W,7022,T01302,M5V 3Y4,Registered
1980529,0h 4m 3s,5/21/2014 9:51,Simcoe St / Queen St W,7022,5/21/2014 9:55,Phoebe St / Spadina Ave,7020,T01302,L4J0E9,Registered
1980648,0h 9m 45s,5/21/2014 11:29,Phoebe St / Spadina Ave,7020,5/21/2014 11:38,King St E / Jarvis St,7009,T01302,M5T 3A4,Registered
1980673,0h 16m 37s,5/21/2014 11:48,King St E / Jarvis St,7009,5/21/2014 12:05,Beverly  St / Dundas St W,7027,T01302,M5A1N1,Registered
1983766,0h 9m 30s,5/22/2014 17:18,Beverly  St / Dundas St W,7027,5/22/2014 17:27,Simcoe St / Wellington St W,7057,T01302,L8P 3K9,Registered
1983939,0h 12m 11s,5/22/2014 17:54,Simcoe St / Wellington St W,7057,5/22/2014 18:07,Bathurst / Queens Quay (Island Airport),7071,T01302,,Casual
1987283,0h 23m 5s,5/24/2014 11:48,Bathurst / Queens Quay (Island Airport),7071,5/24/2014 12:11,Bloor St / Brunswick Ave,7061,T01302,M5V1B7,Registered
1987360,0h 7m 12s,5/24/2014 12:18,Bloor St / Brunswick Ave,7061,5/24/2014 12:25,Bay St / Bloor St W,7029,T01302,M4W 3Y8,Registered
1987691,0h 20m 16s,5/24/2014 13:52,Granby St / Yonge St,7077,5/24/2014 14:12,Bremner Blvd / Rees St,7018,T01302,,Casual
1987840,0h 8m 1s,5/24/2014 14:32,Bremner Blvd / Rees St,7018,5/24/2014 14:40,King St W / Spadina Ave,7010,T01302,M5V3V6,Registered
1988175,0h 9m 20s,5/24/2014 15:55,King St W / Spadina Ave,7010,5/24/2014 16:04,Bremner Blvd / Rees St,7018,T01302,M5V3V6,Registered
1988210,0h 11m 54s,5/24/2014 16:04,Bremner Blvd / Rees St,7018,5/24/2014 16:16,Bay St / Albert St,7021,T01302,,Casual
1988904,0h 19m 45s,5/24/2014 19:57,Bay St / Albert St,7021,5/24/2014 20:17,Queen St / Portland St,7049,T01302,,Casual
1989096,0h 3m 55s,5/24/2014 22:19,Queen St / Portland St,7049,5/24/2014 22:22,Wellington St / Portland St,7011,T01302,M5V 4B2,Registered
1989555,0h 42m 14s,5/25/2014 10:51,Wellington St / Portland St,7011,5/25/2014 11:33,Front St W / Blue Jays Way,7059,T01302,,Casual
1990239,1h 30m 20s,5/25/2014 14:32,Front St W / Blue Jays Way,7059,5/25/2014 16:03,Dundas / Yonge St.,7038,T01302,,Casual
1990682,0h 22m 38s,5/25/2014 16:34,Dundas / Yonge St.,7038,5/25/2014 16:57,Ferry Ramp / Queens Quay W,7016,T01302,,Casual
1990773,0h 15m 21s,5/25/2014 16:58,Ferry Ramp / Queens Quay W,7016,5/25/2014 17:13,Trinity / Front (Distillery),7064,T01302,,Casual
1991259,0h 22m 14s,5/25/2014 19:36,Trinity / Front (Distillery),7064,5/25/2014 19:59,Church St / Bloor St E,7034,T01302,,Casual
1991669,0h 21m 45s,5/26/2014 7:33,Church St / Bloor St E,7034,5/26/2014 7:54,Ferry Ramp / Queens Quay W,7016,T01302,,Casual
1992907,3h 49m 46s,5/26/2014 16:02,Ferry Ramp / Queens Quay W,7016,5/26/2014 19:51,Ferry Ramp / Queens Quay W,7016,T01302,,Casual
1994009,0h 22m 8s,5/26/2014 20:53,Ferry Ramp / Queens Quay W,7016,5/26/2014 21:15,Trinity / Front (Distillery),7064,T01302,,Casual
1999248,0h 13m 54s,5/29/2014 7:47,Trinity / Front (Distillery),7064,5/29/2014 8:01,Temperance St / Yonge St,7019,T01302,M5A 4M2,Registered
2093887,0h 8m 39s,7/5/2014 15:44,Temperance St / Yonge St,7019,7/5/2014 15:53,Trinity / Front (Distillery),7064,T01302,,Casual
2094779,0h 20m 59s,7/5/2014 19:59,Trinity / Front (Distillery),7064,7/5/2014 20:20,Simcoe St / Queen St W,7022,T01302,,Casual
2094849,0h 7m 23s,7/5/2014 20:31,Simcoe St / Queen St W,7022,7/5/2014 20:38,Bay St / College St,7006,T01302,M5G2J9,Registered
2144021,0h 4m 40s,7/23/2014 15:15,Bay St / College St,7006,7/23/2014 15:20,Bay St / Bloor St W,7029,T01302,M4W 3Y8,Registered
2144046,0h 8m 58s,7/23/2014 15:29,Bay St / Bloor St W,7029,7/23/2014 15:38,College St / Huron St,7007,T01302,M4C1Z8,Registered
2144252,0h 6m 50s,7/23/2014 16:31,College St / Huron St,7007,7/23/2014 16:38,Widmer St / Adelaide St ,7017,T01302,M5V 3P6,Registered
2145096,0h 12m 2s,7/23/2014 19:12,Widmer St / Adelaide St ,7017,7/23/2014 19:24,York St / Queens Quay W,7076,T01302,M5J 2L4,Registered
2146754,0h 4m 1s,7/24/2014 11:28,Sherbourne St / Wellesley St,7042,7/24/2014 11:32,Wellesley St E. / Yonge St,7051,T01302,L5N 7B1,Registered
2147979,0h 3m 58s,7/24/2014 17:38,Wellesley St E. / Yonge St,7051,7/24/2014 17:42,Sherbourne St / Wellesley St,7042,T01302,M4X1R1,Registered
2149412,0h 16m 17s,7/25/2014 8:37,Sherbourne St / Wellesley St,7042,7/25/2014 8:53,King St W / Spadina Ave,7010,T01302,L6Y 1Z3,Registered
2151301,0h 23m 46s,7/25/2014 17:38,Spadina Ave / Sussex Ave,7074,7/25/2014 18:01,King St W / Spadina Ave,7010,T01302,M5S3L1,Registered
2162753,0h 8m 45s,7/30/2014 9:29,Bremner / Spadina,7073,7/30/2014 9:38,Simcoe St / Dundas St W,7039,T01302,M5V3Y9,Registered
2163050,0h 7m 29s,7/30/2014 11:44,Simcoe St / Dundas St W,7039,7/30/2014 11:51,25 York St,7070,T01302,M4M2C8,Registered
2163513,0h 5m 57s,7/30/2014 14:53,25 York St,7070,7/30/2014 14:59,Bremner / Spadina,7073,T01302,,Casual
2163653,0h 4m 48s,7/30/2014 16:01,Bremner / Spadina,7073,7/30/2014 16:06,King St W / Spadina Ave,7010,T01302,M5V3Y4,Registered
2163700,0h 4m 57s,7/30/2014 16:18,King St W / Spadina Ave,7010,7/30/2014 16:23,Simcoe St / Wellington St W,7057,T01302,L4E3X5,Registered
2163912,0h 4m 8s,7/30/2014 17:08,Simcoe St / Wellington St W,7057,7/30/2014 17:12,Simcoe St / Queen St W,7022,T01302,M5T3L2,Registered
2164091,0h 5m 46s,7/30/2014 17:36,Simcoe St / Queen St W,7022,7/30/2014 17:41,Lower Simcoe St / Lakeshore Blvd W,7043,T01302,M5J 2N3,Registered
2166431,0h 21m 7s,7/31/2014 13:45,Lower Simcoe St / Lakeshore Blvd W,7043,7/31/2014 14:06,Lower Simcoe St / Lakeshore Blvd W,7043,T01302,,Casual
